3 0.7025833333333332 0.6207777777777778 0.21237654320987645 0.3265555555555555
3 0.8560216049382715 0.6941527777777778 0.14868518518518528 0.2498333333333334
3 0.8290246913580247 0.08402777777777778 0.11861728395061732 0.06538888888888889
3 0.15660802469135804 0.8571805555555556 0.22975925925925925 0.28563888888888866
3 0.36117283950617285 0.7147847222222222 0.3135493827160495 0.5704305555555556
3 0.8498117283950616 0.43240277777777775 0.2995000000000001 0.5935277777777779
3 0.3240123456790123 0.30606944444444445 0.36324074074074075 0.5115555555555555
3 0.20698765432098765 0.5395972222222222 0.3154320987654321 0.6145833333333333
3 0.5714814814814815 0.1600138888888889 0.2337037037037036 0.25925
3 0.46838888888888885 0.27318055555555554 0.30155555555555563 0.5036944444444444
3 0.5552067901234569 0.7337083333333334 0.29774074074074064 0.5325833333333333
3 0.4930925925925926 0.7568611111111112 0.17826543209876547 0.33552777777777776
3 0.22391358024691357 0.7274444444444444 0.3860370370370371 0.5451111111111112
3 0.3269382716049383 0.3887916666666667 0.12086419753086412 0.18299999999999997