3 0.715 0.416037037037037 0.5611111111111111 0.6975555555555556
3 0.755787037037037 0.7945555555555555 0.2608333333333332 0.2510925925925926
3 0.2711574074074074 0.8802314814814816 0.2904629629629629 0.23953703703703697
3 0.4438425925925926 0.816212962962963 0.365 0.3425370370370371
3 0.47555555555555556 0.9403888888888889 0.31925925925925924 0.11922222222222217
3 0.630787037037037 0.8879351851851851 0.27972222222222215 0.2241296296296298
3 0.3017592592592593 0.521287037037037 0.2833333333333334 0.25142592592592594
3 0.09527777777777777 0.6767037037037036 0.19055555555555553 0.28840740740740733
3 0.17828703703703702 0.5832777777777778 0.3262962962962963 0.2920185185185184
3 0.18958333333333335 0.3632037037037037 0.20138888888888887 0.19027777777777785
3 0.024722222222222222 0.5380925925925926 0.049444444444444444 0.2511851851851851
3 0.05569444444444445 0.3884814814814815 0.1113888888888889 0.20696296296296296
3 0.33708333333333335 0.06130555555555556 0.2108333333333333 0.11549999999999999
3 0.49120370370370364 0.1261574074074074 0.14287037037037037 0.14196296296296296
3 0.1324537037037037 0.2222037037037037 0.15574074074074076 0.14714814814814814
3 0.2073611111111111 0.12320370370370372 0.17277777777777778 0.17487037037037037
3 0.39898148148148155 0.1548240740740741 0.17435185185185187 0.16240740740740742
3 0.30060185185185184 0.1483611111111111 0.16379629629629633 0.15475925925925924
3 0.5550925925925926 0.04075925925925926 0.1298148148148148 0.06685185185185186