3 0.33125 0.7629166666666667 0.6325 0.4721666666666667
3 0.085 0.5305833333333334 0.17 0.22383333333333325
3 0.325 0.10166666666666666 0.225 0.2033333333333333
3 0.27125 0.27441666666666664 0.2775 0.28600000000000003
3 0.105 0.1655 0.21 0.254
3 0.08875 0.3640833333333333 0.1775 0.22683333333333336
3 0.5975 0.33141666666666664 0.2575 0.1721666666666667
3 0.6525 0.0795 0.225 0.159
3 0.63125 0.20041666666666663 0.2875 0.20666666666666672
3 0.79625 0.3356666666666667 0.155 0.15783333333333333
3 0.8425 0.058083333333333334 0.22 0.11616666666666667
3 0.9 0.17375 0.1525 0.18266666666666664
3 0.94125 0.65475 0.1175 0.1728333333333333
3 0.77875 0.7080833333333334 0.09 0.13349999999999995
3 0.9425 0.3709166666666667 0.115 0.12516666666666665
3 0.96125 0.48591666666666666 0.0775 0.17016666666666666
3 0.81875 0.6191666666666668 0.1325 0.13383333333333325
3 0.88875 0.5457500000000001 0.125 0.12833333333333344
3 0.82125 0.82525 0.1125 0.0925
3 0.9475 0.7905833333333334 0.105 0.13949999999999987