3 0.15041666666666667 0.3238765432098765 0.30083333333333334 0.5039135802469136
3 0.48833333333333334 0.5051141975308643 0.4891666666666667 0.5736604938271604
3 0.91375 0.7608425925925927 0.1725 0.23594444444444435
3 0.67875 0.03549691358024691 0.35583333333333333 0.07099382716049382
3 0.48541666666666666 0.20315432098765432 0.38416666666666666 0.40630864197530864
3 0.7641666666666667 0.16553703703703704 0.36333333333333334 0.3310740740740741
3 0.83125 0.47162037037037036 0.3375 0.5141666666666667
3 0.195 0.6808888888888889 0.39 0.5465555555555557
3 0.7608333333333334 0.7620401234567902 0.47833333333333333 0.4300061728395061
3 0.5041666666666667 0.8488117283950618 0.37166666666666665 0.2835123456790124
3 0.6954166666666667 0.6410617283950617 0.3641666666666667 0.3549567901234569