3 0.7908518518518519 0.17817592592592593 0.38496296296296295 0.35635185185185186
3 0.5039814814814815 0.48173456790123453 0.438641975308642 0.541753086419753
3 0.16935493827160494 0.9241543209876543 0.2846358024691358 0.14497530864197528
3 0.14167592592592593 0.10074691358024691 0.28335185185185185 0.18017283950617283
3 0.3678703703703704 0.20627777777777778 0.3409259259259259 0.41255555555555556
3 0.13352777777777777 0.2969753086419753 0.26705555555555555 0.37104938271604937
3 0.16499074074074074 0.6481851851851852 0.3299814814814815 0.491962962962963
3 0.8305833333333333 0.47860185185185194 0.32248765432098747 0.5240555555555556
3 0.306 0.8465956790123458 0.5945925925925926 0.30226543209876544
3 0.6429876543209877 0.8158117283950618 0.3502345679012346 0.30941358024691357
3 0.37376234567901234 0.7074012345679012 0.33984567901234564 0.3237716049382717