3 0.34662369551872313 0.7335940495360785 0.2345303867403315 0.36422053523502806
3 0.4472836095764272 0.7870562073460624 0.1864333947206875 0.28553025074764216
3 0.41421117249846534 0.9230120389540679 0.14536525475752002 0.1223219078291541
3 0.8058317986494782 0.48353653860900236 0.19914057704112942 0.3047158960202439
3 0.7216697360343768 0.08040027605244997 0.20583179864947831 0.16080055210489994
3 0.6189073050951505 0.11953837895866883 0.17102516881522403 0.23907675791733765
3 0.334622467771639 0.3792883981289778 0.4884284837323512 0.7313702936891342
3 0.17582872928176796 0.7435779464764972 0.3516574585635359 0.5128441070470056
3 0.766988950276243 0.6828540756076988 0.15509515039901772 0.21999846637527817
3 0.5087630448127686 0.1780998389694042 0.16804788213628002 0.25574725864580933
3 0.5471915285451197 0.6584771106510237 0.18336402701043575 0.2647036270224676
3 0.14969306322897483 0.4239245456636761 0.29938612645794965 0.4564987347596043
3 0.0317219152854512 0.5843570278352886 0.0634438305709024 0.23087186565447443