3 0.4947930283224401 0.6987360376249265 0.13782135076252724 0.602527924750147
3 0.4167320261437908 0.5648794826572604 0.1113289760348583 0.5023162845385066
3 0.8154248366013072 0.7820223398001175 0.149281045751634 0.4359553203997649
3 0.2854248366013072 0.4356848912404468 0.09586056644880173 0.40973544973544973
3 0.07468409586056644 0.3255614344503233 0.06797385620915032 0.16444444444444448
3 0.8362962962962963 0.7932745443856556 0.17690631808278875 0.4134509112286889
3 0.902875816993464 0.8554027042915933 0.128888888888889 0.28919459141681353
3 0.5300653594771242 0.7153497942386832 0.13494553376906318 0.5693004115226337
3 0.5711328976034858 0.742445620223398 0.12640522875816995 0.5151087595532039
3 0.6094117647058823 0.7108289241622574 0.09002178649237468 0.36827748383303943
3 0.38385620915032687 0.539729570840682 0.08832244008714604 0.43480305702527916
3 0.36176470588235293 0.5293121693121693 0.10483660130718951 0.4798589065255732
3 0.34610021786492373 0.47783656672545566 0.1067538126361656 0.46407995296884197
3 0.32570806100217864 0.49132275132275127 0.10814814814814822 0.5148736037624928
3 0.305838779956427 0.44285714285714284 0.09869281045751636 0.47009994121105236
3 0.2005228758169935 0.24637272192827747 0.05433551198257085 0.13853027630805406
3 0.15651416122004358 0.43370958259847153 0.049193899782135106 0.12246913580246915
3 0.13938997821350763 0.07072310405643739 0.04675381263616557 0.1192004703115814
3 0.16932461873638344 0.09575543797766019 0.04052287581699348 0.10626690182245738
3 0.19355119825708061 0.15710758377425046 0.04784313725490191 0.11607289829512049
3 0.1801525054466231 0.3234215167548501 0.07176470588235294 0.17410934744268083
3 0.14309368191721134 0.19322751322751322 0.06727668845315905 0.13904761904761903
3 0.12307189542483661 0.3433862433862434 0.07673202614379086 0.18382128159905942
3 0.06840958605664489 0.1679952968841858 0.04784313725490195 0.11607289829512049