3 0.5267543225930742 0.8609338831018518 0.4746712902759717 0.27185329861111107
3 0.3311708327313009 0.8758065682870371 0.28132736117131435 0.17986834490740744
3 0.5019939315127872 0.13066044560185186 0.3313779318980879 0.24487123842592595
3 0.7205509801088474 0.46713324652777777 0.21621153012570435 0.1693793402777779
3 0.5543659394114531 0.36399016203703705 0.18347059673457602 0.14558015046296302
3 0.3410682463998459 0.36294487847222223 0.260550016856909 0.182566550925926
3 0.5555892693734047 0.6198640046296297 0.20452728411115928 0.17120225694444446
3 0.4492366228387034 0.45159505208333334 0.1888455425516543 0.16321614583333333
3 0.5831093772576218 0.5091941550925926 0.25038770890526413 0.20686487268518516
3 0.4388623994605789 0.5864908854166666 0.2005105235274285 0.15944010416666687
3 0.2448779078167895 0.49977213541666665 0.2526706159996147 0.17466724537037037
3 0.33910321244521513 0.55927734375 0.20167605837306754 0.14578269675925926
3 0.462876270288494 0.31812789351851856 0.16906034773394982 0.13467881944444438