3 0.19265661252900232 0.4935071942446043 0.25331786542923435 0.06455035971223022
3 0.5093271461716937 0.5176978417266187 0.3891067285382831 0.07375899280575539
3 0.8101624129930395 0.535089928057554 0.24935034802784223 0.0741546762589928
3 0.7292227378190256 0.25868705035971223 0.04211136890951276 0.35829136690647484
3 0.2212645011600928 0.8015287769784172 0.16723897911832947 0.26728417266187054
3 0.5358816705336427 0.7293705035971223 0.2617865429234339 0.2037410071942446
3 0.774199535962877 0.7977158273381294 0.16248259860788863 0.09258992805755395
3 0.7927726218097448 0.5986330935251798 0.0004408352668213457 0.001420863309352518
3 0.11726218097447795 0.6216366906474821 0.07417633410672854 0.14733812949640288
3 0.800754060324826 0.6771762589928058 0.0825754060324826 0.13965827338129497
3 0.27837587006960557 0.2219064748201439 0.05713457076566125 0.2943165467625899
3 0.4153828306264501 0.24048561151079137 0.09035962877030163 0.2635431654676259
3 0.3121461716937355 0.12994604316546762 0.09063805104408353 0.09762589928057554
3 0.3076334106728538 0.22008992805755395 0.08935034802784222 0.06766187050359712
3 0.30750580046403714 0.32841726618705036 0.10404872389791182 0.06850719424460432
3 0.054756380510440836 0.7707374100719424 0.08577726218097448 0.1689748201438849
3 0.19948955916473318 0.8145143884892087 0.1922273781902552 0.18057553956834532
3 0.4228538283062645 0.7611330935251799 0.19295823665893272 0.09701438848920863
3 0.4910440835266821 0.7435611510791367 0.07720417633410673 0.21532374100719423
3 0.9106960556844548 0.8548920863309353 0.15549883990719257 0.20696043165467626
3 0.5223665893271462 0.2912589928057554 0.11559164733178655 0.3051438848920863
3 0.5157888631090487 0.22068345323741007 0.05657772621809745 0.15201438848920862
3 0.7907076566125291 0.2760611510791367 0.040812064965197216 0.26516187050359713
3 0.8235730858468677 0.1621223021582734 0.09055684454756381 0.05485611510791367
3 0.8218909512761021 0.26845323741007193 0.10422273781902552 0.05969424460431654
3 0.8119721577726218 0.368794964028777 0.08283062645011602 0.060521582733812945