3 0.7479934691071581 0.24919397815081265 0.23239666580733845 0.29292565947242205
3 0.5044126493082409 0.545423661071143 0.3461802870155538 0.42938982147615246
3 0.26993211308756554 0.8231947775113242 0.23244822548766866 0.2983213429256597
3 0.22822462834063764 0.5237476685318412 0.17251869038411963 0.33691713296029846
3 0.8445905302053793 0.5286903810285105 0.24018217753716584 0.37957633892885695
3 0.5648706711351723 0.7441580069277911 0.2927128985133626 0.4161470823341326
3 0.39993125375956007 0.9468092192912336 0.16820486379651112 0.10638156141753274
3 0.30855031365472196 0.860025313082867 0.0011772793675346015 0.0018518518518518942
3 0.8579573773309273 0.2893018918198774 0.11779668299389862 0.1923794297895018
3 0.3317908395634614 0.9170197175592859 0.12119102861562261 0.16596056488142819
3 0.5741256337544041 0.13513855582200907 0.159852195583054 0.2248734345856648
3 0.47187419437999484 0.23471223021582735 0.1756724241643035 0.30290434319211296
3 0.5115450717538885 0.0783306687982947 0.1112571968720461 0.11477484678923527
3 0.5502406118415398 0.12325472954969358 0.09875397439202542 0.14116706634692244
3 0.5922660479505026 0.21327604583000265 0.11165248775457602 0.1561417532640554
3 0.9487754575921629 0.3555888622435385 0.10244908481567416 0.21882494004796157
3 0.867117813869554 0.5198374633626432 0.22697430609263564 0.33222755129229947
3 0.6673799089112314 0.67156274980016 0.19499871100799182 0.2624433786304291
3 0.6063504339606427 0.7164002131628031 0.14618888029560884 0.2512123634425792
3 0.40591217667783797 0.37011057820410337 0.21218527111798577 0.3621103117505996
3 0.3838489301366332 0.30617505995203836 0.10491535619145828 0.1792033040234479
3 0.1853914239065051 0.5918931521449508 0.13581679126922747 0.2579269917399413
3 0.11519291913723469 0.5266453503863575 0.09518776316920166 0.1320143884892088
3 0.15776402852968976 0.6130961897148948 0.10810346309186218 0.14878763655742075
3 0.20427515682736103 0.6871436184385824 0.09167311162670794 0.12825739408473225