3 0.3612535612535613 0.6418679549114331 0.14581100004828818 0.25816425120772957
3 0.35952484427060694 0.39942028985507244 0.2652373364237771 0.4445088566827697
3 0.3188806798976291 0.7848872785829307 0.10247718383311606 0.18487922705314017
3 0.5154135882949442 0.8437037037037036 0.31052199526775803 0.31259259259259276
3 0.5539089284851997 0.8522141706924315 0.34565647785986764 0.2955716586151368
3 0.7592592592592593 0.7555958132045089 0.14712443864986235 0.2604508856682769
3 0.6495436766623208 0.7015619967793881 0.22197112366603888 0.38644122383252827
3 0.6132985658409387 0.46373590982286633 0.28134627456661365 0.5502093397745572
3 0.7536916316577333 0.5291143317230274 0.20750398377517024 0.35694041867954907
3 0.840272345357091 0.6561191626409019 0.06173161427398707 0.1074718196457327
3 0.2317881114491284 0.5426650563607085 0.2678835289004781 0.4534299516908213
3 0.4012072045970351 0.24764895330112724 0.3408759476556087 0.45539452495974236