3 0.8070142450142451 0.30934797072521625 0.20572079772079774 0.25626524728321143
3 0.8349544159544159 0.31452650255045467 0.24177207977207987 0.454779330228432
3 0.5772621082621082 0.5239188290086494 0.217019943019943 0.44808161454868034
3 0.5816809116809117 0.21261920603237966 0.2740968660968661 0.28815701929474385
3 0.18095156695156694 0.28815701929474385 0.3619031339031339 0.3598137059214903
3 0.4114387464387464 0.8508427589265913 0.15003418803418805 0.20778443113772438
3 0.2397236467236467 0.6952206697715679 0.21966381766381765 0.2945664227101353
3 0.4167435897435897 0.5848968729208249 0.1796353276353277 0.25850521179862507
3 0.17710541310541308 0.5132290973608339 0.35421082621082617 0.27094699489909063
3 0.4086638176638177 0.40012197826569085 0.11112250712250706 0.22062541583499662
3 0.909139601139601 0.1124196052339765 0.12610826210826206 0.13628298957640272
3 0.7336980056980058 0.5238966511421601 0.08760113960113954 0.13317808826790853
3 0.1962962962962963 0.8969394544244844 0.21057549857549857 0.19955644267021508
3 0.9256296296296296 0.7367819915724106 0.09476923076923063 0.11044577511643365