3 0.49307725694444443 0.5362453229217505 0.2720558449074074 0.38934981833956933
3 0.5695493344907407 0.37383547529960415 0.3896122685185186 0.5719104170055853
3 0.5406756365740741 0.14901035735589177 0.3659143518518518 0.2817092348571119
3 0.2724754050925926 0.2317011008079822 0.2530598958333333 0.34796377636787595
3 0.14074797453703702 0.43757388427959437 0.2289641203703704 0.32840952226018116
3 0.16806278935185184 0.717227916056613 0.3361255787037037 0.5123691773764981
3 0.22383174189814814 0.6350306382517217 0.2232060185185185 0.3312076351607831
3 0.33513093171296293 0.4829184968277208 0.4400969328703703 0.6491079659454475
3 0.42453703703703705 0.7726804403231929 0.45925925925925926 0.4546391193536142
3 0.7384801793981481 0.4486524591941869 0.5219256365740741 0.8425790358440433
3 0.5698857060185185 0.2793340925112521 0.559447337962963 0.5449596008893228