3 0.17515669515669516 0.6969838101574628 0.21754985754985753 0.26648924373475286
3 0.1467948717948718 0.693217269165373 0.26467236467236466 0.46249722776668883
3 0.3951282051282051 0.4709913506320692 0.2406267806267806 0.4552820285355216
3 0.40586894586894584 0.7820581060102019 0.2870370370370371 0.3030753308198419
3 0.8007264957264957 0.6830302358246471 0.3708547008547009 0.3836992681304059
3 0.5454843304843304 0.13651585717453982 0.15991452991452976 0.21405337473201744
3 0.7248148148148149 0.28298957640275 0.23401709401709397 0.30456124787462113
3 0.5525213675213676 0.4021253788718859 0.1921937321937321 0.26724329119538703
3 0.8028632478632478 0.4599356841871812 0.37672364672364683 0.29296222370074665
3 0.5699715099715099 0.5859761957566348 0.12253561253561254 0.2246691801582022
3 0.08245014245014244 0.8987432542322762 0.13250712250712252 0.14295113476750199
3 0.2383048433048433 0.47946699194204184 0.09390313390313386 0.13759148369926813
3 0.7567236467236468 0.09512086937236637 0.21886039886039882 0.17770385155614696
3 0.04263532763532763 0.2773859688031345 0.08527065527065526 0.11565018111924301