3 0.7649308641975308 0.7273948273948274 0.2298518518518519 0.30453990453990454
3 0.7944345679012346 0.5465719465719465 0.3891654320987655 0.5096977096977097
3 0.6666987654320987 0.5792318792318792 0.10655308641975322 0.15108595108595105
3 0.5991308641975308 0.5752321752321753 0.062498765432098785 0.09820549820549833
3 0.7128222222222222 0.8302253302253302 0.15438024691358018 0.23199763199763207
3 0.6686888888888889 0.9421023421023421 0.1484691358024693 0.11579531579531573
3 0.6118962962962963 0.7754911754911755 0.17779753086419745 0.2514818514818515
3 0.6131234567901235 0.6685314685314686 0.13111604938271604 0.19954119954119967
3 0.5715629629629629 0.9053705553705554 0.1370370370370371 0.1892588892588891
3 0.4947086419753086 0.8113849113849114 0.20302716049382707 0.2999518999518999
3 0.3888641975308642 0.6785510785510787 0.16795061728395058 0.23828763828763835
3 0.5088716049382717 0.5882265882265882 0.1671308641975308 0.2512450512450513
3 0.41913086419753093 0.4362526362526362 0.11258765432098759 0.13524993524993534
3 0.27697037037037037 0.5130869130869131 0.13083456790123454 0.1755799755799755
3 0.3115728395061728 0.5323528323528324 0.15009876543209869 0.20794760794760797
3 0.33027160493827157 0.48977318977318973 0.1269876543209877 0.1625189625189625
3 0.34224691358024695 0.44004514004514006 0.11274567901234571 0.13924593924593934
3 0.36969876543209873 0.4376549376549377 0.1135703703703704 0.14325674325674334
3 0.3390641975308642 0.393980093980094 0.1116493827160494 0.14521034521034526
3 0.4479901234567901 0.3139083139083139 0.32235555555555556 0.42037962037962046
3 0.6041530864197532 0.29637769637769634 0.3513185185185184 0.49588189588189585
3 0.5704493827160494 0.08565508565508564 0.11510123456790128 0.14828134828134829
3 0.5148962962962963 0.09842009842009843 0.12887407407407409 0.17653457653457655
3 0.5184617283950617 0.042006142006142 0.11507654320987665 0.06344026344026345
3 0.45513086419753085 0.0321012321012321 0.08840493827160496 0.04588004588004588
3 0.33366913580246915 0.13389203389203388 0.32066172839506174 0.2596440596440596
3 0.2808814814814815 0.2117105117105117 0.256804938271605 0.34606134606134603
3 0.18629876543209875 0.2581048581048581 0.08117037037037034 0.11558811558811558
3 0.1478 0.28674658674658676 0.093920987654321 0.13483553483553481
3 0.2476814814814815 0.35945535945535945 0.0664197530864197 0.09629629629629627
3 0.21333827160493826 0.3251970251970252 0.08481975308641973 0.1236541236541237
3 0.2172888888888889 0.4277722277722278 0.07995555555555552 0.11855551855551852
3 0.15689135802469137 0.37743737743737743 0.08262222222222222 0.11861471861471863
3 0.11660000000000001 0.36704406704406706 0.06292839506172837 0.09222629222629225
3 0.15931604938271607 0.47667517667517667 0.31863209876543214 0.4458578458578459
3 0.1652395061728395 0.6297073297073297 0.330479012345679 0.5081659081659081