3 0.1611111111111111 0.17850117096018736 0.17428104575163397 0.24882903981264637
3 0.4051633986928105 0.11843091334894613 0.08423202614379084 0.1252927400468384
3 0.4057516339869281 0.04601873536299766 0.00013071895424836603 0.0024824355971896955
3 0.13705882352941176 0.3511709601873536 0.09526143790849673 0.15388758782201403
3 0.3656535947712418 0.2815222482435597 0.08008169934640523 0.11086651053864169
3 0.25929738562091503 0.12737704918032788 0.1240686274509804 0.1738407494145199
3 0.3320751633986928 0.10927400468384074 0.052156862745098044 0.08142857142857143
3 0.8923366013071896 0.1884777517564403 0.11029411764705882 0.205807962529274
3 0.18295751633986929 0.8422014051522249 0.09852941176470588 0.17618266978922717
3 0.9266503267973857 0.6164871194379391 0.10344771241830066 0.14374707259953162
3 0.785702614379085 0.3198594847775176 0.06455882352941177 0.19177985948477752
3 0.8000980392156863 0.6961124121779859 0.11416666666666668 0.24002341920374706
3 0.3692156862745098 0.7548946135831381 0.0967156862745098 0.10887587822014053
3 0.5174509803921569 0.3965339578454332 0.09965686274509804 0.20543325526932085
3 0.7218300653594771 0.4365573770491803 0.07111111111111111 0.2310070257611241
3 0.6624183006535947 0.8851990632318502 0.13766339869281047 0.20259953161592506
3 0.7135130718954249 0.06733021077283373 0.09725490196078432 0.08695550351288057
3 0.7879248366013072 0.15292740046838407 0.043464052287581705 0.08611241217798596
3 0.6350816993464052 0.3958782201405152 0.11151960784313726 0.1522014051522248
3 0.8483823529411765 0.4987353629976581 0.13168300653594772 0.14754098360655737
3 0.27683006535947713 0.40035128805620607 0.09612745098039216 0.2182201405152225
3 0.43901960784313726 0.645456674473068 0.15669934640522876 0.30730679156908663
3 0.5190849673202614 0.8309133489461359 0.13204248366013072 0.15105386416861827
3 0.5697222222222222 0.5773067915690866 0.13055555555555556 0.15395784543325525
3 0.6686437908496732 0.19210772833723655 0.17508169934640525 0.14747072599531616
3 0.7631209150326796 0.9111709601873537 0.06931372549019608 0.14044496487119437
3 0.8722875816993465 0.35414519906323183 0.07434640522875817 0.13686182669789226
3 0.18905228758169934 0.46571428571428575 0.05070261437908497 0.10451990632318502
3 0.12413398692810457 0.6448009367681499 0.14962418300653593 0.19271662763466044
3 0.26063725490196077 0.6671662763466042 0.15702614379084967 0.26046838407494144
3 0.4035294117647059 0.8896018735362998 0.08986928104575163 0.20374707259953162
3 0.43665032679738564 0.4075878220140515 0.06640522875816994 0.07768149882903981
3 0.6734150326797386 0.5400468384074941 0.07764705882352942 0.12967213114754098
3 0.6805392156862745 0.7272131147540983 0.07764705882352942 0.08585480093676814