3 0.15126582278481013 0.9422835954481524 0.21645569620253163 0.11369390103567313
3 0.26139240506329114 0.8853982866641094 0.1759493670886076 0.17271448663853736
3 0.5221518987341772 0.9209819716148829 0.2139240506329114 0.14126070834931584
3 0.7544303797468355 0.8466692238844137 0.23164556962025318 0.18419639432297652
3 0.9272151898734177 0.9156757447896687 0.14556962025316456 0.09039764735967279
3 0.6943037974683545 0.7805651451221072 0.16455696202531644 0.12415292162127609
3 0.8360759493670886 0.6936964582534204 0.15443037974683543 0.129702084132464
3 0.8607594936708861 0.5349699526914716 0.2569620253164557 0.22038102544431654
3 0.6449367088607595 0.6135532540595832 0.17974683544303796 0.2050121467842987
3 0.5310126582278482 0.7240250607339214 0.24430379746835443 0.1752461322081574
3 0.5044303797468355 0.5801432041938371 0.12658227848101267 0.19127988748241906
3 0.1879746835443038 0.5813578826237055 0.23164556962025318 0.17959340237821245
3 0.14746835443037976 0.7789540979414398 0.23417721518987342 0.17849379874696328
3 0.3367088607594937 0.7595959595959597 0.19367088607594937 0.12013808975834303
3 0.16645569620253164 0.3435877764991689 0.18860759493670887 0.19713591612325793
3 0.4563291139240506 0.4062012530366961 0.22151898734177214 0.19895154072369264
3 0.09050632911392405 0.25939138217619234 0.1518987341772152 0.1779823551975451
3 0.2708860759493671 0.20741593146656437 0.23291139240506328 0.13243830712185145
3 0.13291139240506328 0.126198695818949 0.22278481012658227 0.19782636491497252
3 0.3139240506329114 0.08943869070451349 0.22278481012658227 0.17887738140902698
3 0.4443037974683544 0.16363636363636364 0.1962025316455696 0.20419383710522954
3 0.5544303797468354 0.0756297148702212 0.2481012658227848 0.1512594297404424
3 0.9158227848101266 0.3779312108426032 0.16835443037974684 0.2116864851042066
3 0.810126582278481 0.18271320802966373 0.17215189873417722 0.2370796573328219
3 0.8151898734177215 0.06469760900140648 0.2 0.12939521800281295
3 0.6379746835443038 0.19424626006904488 0.21645569620253163 0.15627157652474102
3 0.6854430379746835 0.3411584196394323 0.20379746835443038 0.22506073392149342
3 0.8151898734177215 0.4006776627029791 0.13037974683544304 0.1349699526914717