3 0.08506329113924051 0.8388952819332566 0.1332208157524613 0.16800920598388952
3 0.16016877637130802 0.8043728423475259 0.20590717299578062 0.189873417721519
3 0.3958227848101266 0.9165707710011507 0.23699015471167367 0.1668584579976985
3 0.6404922644163151 0.905638665132336 0.26157524613220806 0.18872266973532797
3 0.6052180028129396 0.8348676639815881 0.18447257383966248 0.14154200230149597
3 0.7675246132208158 0.7945914844649021 0.1769901547116738 0.14614499424626007
3 0.8412376933895921 0.6513233601841196 0.29465541490857955 0.2474108170310702
3 0.611082981715893 0.6605293440736478 0.2168213783403657 0.22209436133486765
3 0.4672573839662447 0.7318757192174914 0.2720393811533051 0.20253164556962025
3 0.4877637130801688 0.5868814729574223 0.16315049226441636 0.20138089758342922
3 0.18611814345991562 0.4936708860759494 0.26196905766526024 0.2048331415420023
3 0.11507735583684951 0.6685845799769851 0.20247538677918425 0.2048331415420023
3 0.2710829817158931 0.7071346375143843 0.21108298171589315 0.142692750287687
3 0.2411814345991561 0.26064441887226697 0.2242756680731364 0.21634062140391255
3 0.4972995780590717 0.40736478711162255 0.25479606188466947 0.22209436133486765
3 0.1949929676511955 0.15765247410817032 0.18444444444444444 0.19217491369390102
3 0.3837271448663854 0.1628308400460299 0.2532770745428973 0.15995397008055237
3 0.27783403656821376 0.07710011507479862 0.2544022503516174 0.15420023014959724
3 0.4627707454289733 0.08227848101265822 0.25212376933895925 0.16455696202531644
3 0.5624613220815753 0.17318757192174913 0.23206751054852312 0.2243958573072497
3 0.699563994374121 0.11162255466052934 0.2771308016877638 0.20368239355581128
3 0.9195077355836848 0.5184119677790564 0.16098452883263029 0.22669735327963175
3 0.8977074542897328 0.3009205983889528 0.20458509142053452 0.2520138089758343
3 0.9183403656821377 0.18411967779056387 0.1633192686357245 0.16340621403912542
3 0.7367369901547117 0.2600690448791715 0.24112517580872003 0.1806674338319908
3 0.7354430379746836 0.4142692750287687 0.24393811533052054 0.24395857307249713
3 0.840309423347398 0.5097813578826237 0.1542334739803094 0.1472957422324511