3 0.4276666666666667 0.3447621261428793 0.3714358974358975 0.2219510305284364
3 0.3035128205128205 0.48394157756082445 0.05914529914529917 0.07372539903920662
3 0.24928205128205133 0.46594607159460716 0.05719658119658124 0.10793429412676278
3 0.21615384615384614 0.7288857895552456 0.04757264957264957 0.07151712381837912
3 0.44863247863247857 0.7706299395629939 0.21717948717948726 0.24081822408182235
3 0.2833247863247863 0.6089996900666357 0.10111111111111103 0.16135905780257254
3 0.4307008547008547 0.5920695800402913 0.06588034188034202 0.09212769254610241
3 0.4212393162393162 0.5179567642956764 0.20249572649572656 0.1434216643421664
3 0.3532735042735043 0.9084728033472803 0.04883760683760679 0.11022005268867201
3 0.23100854700854703 0.9077560824422749 0.035572649572649634 0.12660777932744452
3 0.15073504273504273 0.6426855726018906 0.05158974358974359 0.07713466604680008
3 0.2621538461538462 0.40053076088640943 0.08252991452991454 0.1323802882380288
3 0.1917008547008547 0.6442933519293351 0.06719658119658124 0.10894157756082455
3 0.19676068376068376 0.559855880985588 0.1118290598290598 0.13741670540833728
3 0.08694017094017094 0.5771734077173408 0.06972649572649572 0.13943127227646057
3 0.2954529914529915 0.9064776073144274 0.04770940170940172 0.07570122423678916
3 0.19603418803418804 0.8753099333643267 0.05294017094017092 0.141910739191074
3 0.14766666666666667 0.8421276925461026 0.06420512820512818 0.08778862544552939
3 0.13990598290598288 0.7746203316286998 0.07729914529914529 0.11308693630869361
3 0.028965811965811963 0.7675499767549977 0.03818803418803419 0.04242212924221303
3 0.058145299145299145 0.7182318301565163 0.11629059829059829 0.10766310243297708
3 0.24069230769230768 0.8343212459321245 0.2070769230769231 0.18975670230900354
3 0.25035897435897436 0.9256159925615993 0.05981196581196575 0.07066480706648082
3 0.09822222222222222 0.9357275685727569 0.051042735042735043 0.10731442739810942
3 0.06743589743589744 0.9393499147683247 0.037162393162393156 0.10487370215403674