3 0.4980512820512821 0.6472725863939254 0.36894017094017095 0.4602123043545638
3 0.34594871794871795 0.6551952580195258 0.07625641025641025 0.10192158685882537
3 0.3148632478632478 0.7210134821013482 0.09047863247863251 0.12521307918797459
3 0.17348717948717948 0.5434216643421665 0.06683760683760681 0.09022935068960165
3 0.3230940170940171 0.2879823337982334 0.2656410256410256 0.3504261583759492
3 0.2756923076923077 0.5753021850302185 0.14630769230769233 0.20058112505811249
3 0.3897435897435897 0.4473268247326825 0.08962393162393167 0.11996745699674567
3 0.41594871794871796 0.5153455757012243 0.2112136752136752 0.26672090500542384
3 0.19184615384615386 0.26754997675499764 0.0858119658119658 0.12198202386486909
3 0.10447008547008549 0.38769177126917714 0.08273504273504273 0.1219200371920037
3 0.1647948717948718 0.675089105842244 0.07234188034188033 0.09766000309933383
3 0.3530683760683761 0.7610220052688672 0.11955555555555555 0.16344335967766926
3 0.19353846153846152 0.6348597551526421 0.09753846153846155 0.13372075003874176
3 0.23484615384615384 0.6969045405237873 0.14229059829059829 0.1900433906710058
3 0.14755555555555555 0.7882728963272897 0.11333333333333331 0.15913528591352846
3 0.1516324786324786 0.326906090190609 0.0684273504273504 0.09339841933984194
3 0.09350427350427351 0.4465907329924066 0.10235897435897436 0.14636603130326972
3 0.07307692307692308 0.519425073609174 0.08647863247863248 0.11572136990547026
3 0.09785470085470085 0.5806136680613667 0.10694017094017096 0.14436696110336278
3 0.022098290598290597 0.6920657058732372 0.044196581196581194 0.06159925615992564
3 0.06514102564102564 0.708554160855416 0.13028205128205128 0.18059817139315054
3 0.14406837606837608 0.4366225011622501 0.23569230769230767 0.3059042305904231
3 0.1103931623931624 0.35485045715171243 0.07545299145299143 0.09981403998140399
3 0.01917094017094017 0.49104292577095926 0.03834188034188034 0.12016116534944989
3 0.004717948717948717 0.5148148148148148 0.009435897435897435 0.1133116379978305