3 0.5581692307692308 0.6124790794979079 0.36292307692307696 0.1765376569037657
3 0.6799307692307692 0.48797071129707115 0.05612307692307692 0.06679916317991631
3 0.7343153846153846 0.5126359832635983 0.05281538461538461 0.10118200836820083
3 0.7623384615384615 0.25288702928870294 0.04423846153846154 0.06583682008368201
3 0.528623076923077 0.1821966527196653 0.20755384615384614 0.21437238493723848
3 0.6976153846153846 0.3651255230125523 0.09457692307692307 0.14986401673640168
3 0.5502692307692307 0.3634728033472803 0.062299999999999994 0.08380753138075314
3 0.5612538461538461 0.4392573221757322 0.1967846153846154 0.11879707112970711
3 0.6210307692307693 0.05352510460251046 0.04382307692307692 0.10706066945606695
3 0.7441 0.07176778242677824 0.029738461538461537 0.12320083682008369
3 0.8295846153846154 0.34794979079497906 0.04862307692307692 0.07067991631799163
3 0.723 0.5769142259414226 0.07720769230769231 0.12215481171548118
3 0.7884923076923077 0.341234309623431 0.06225384615384616 0.10085774058577406
3 0.7851923076923077 0.4253765690376569 0.10576153846153846 0.12390167364016737
3 0.8948538461538461 0.4216317991631799 0.0639923076923077 0.13138075313807532
3 0.6796 0.06503138075313808 0.04446923076923077 0.06969665271966527
3 0.7797000000000001 0.10852510460251046 0.046430769230769234 0.1357635983263598
3 0.8289230769230769 0.1481276150627615 0.06049230769230769 0.08048117154811715
3 0.8379384615384615 0.2165794979079498 0.07235384615384616 0.10381799163179917
3 0.9491384615384616 0.23750000000000002 0.03629230769230769 0.038064853556485354
3 0.9262846153846155 0.28428870292887026 0.12243846153846152 0.09278242677824268
3 0.7357384615384616 0.14410041841004184 0.19940000000000002 0.16507322175732217
3 0.724323076923077 0.05143305439330544 0.056992307692307696 0.06342050209205022
3 0.8762846153846154 0.059205020920502095 0.04663846153846154 0.10287656903765689
3 0.9069461538461538 0.05532426778242678 0.032784615384615384 0.11064853556485356