4 0.7314596092155148 0.7943137254901961 0.25780110819480895 0.39368191721132895
4 0.16252551764362785 0.18076252723311545 0.2773111694371537 0.3592592592592593
4 0.20297462817147857 0.7591503267973856 0.24352580927384077 0.2930718954248365
4 0.9040974044911053 0.7225272331154684 0.18687664041994761 0.37877995642701523
4 0.40802712160979876 0.10631808278867101 0.2351268591426072 0.18684095860566452
4 0.873869932925051 0.4652505446623093 0.25001458151064454 0.4109803921568628
4 0.7016112569262175 0.2619934640522876 0.23788276465441818 0.34575163398692804
4 0.5891294838145231 0.1143355119825708 0.18788276465441822 0.1847494553376906
4 0.4995990084572762 0.8831481481481481 0.2728929717118692 0.23370370370370377
4 0.6951370662000583 0.9539869281045752 0.24270924467774863 0.09202614379084968
4 0.13118256051326918 0.5278976034858387 0.26236512102653836 0.48520697167755983