4 0.4814189189189189 0.42058823529411765 0.375 0.8411764705882353
4 0.2635135135135135 0.4823529411764706 0.08108108108108109 0.6352941176470588
4 0.625 0.8852941176470588 0.3716216216216216 0.21764705882352942
4 0.42736486486486486 0.9117647058823529 0.21283783783783783 0.16470588235294117
4 0.9594594594594594 0.788235294117647 0.07432432432432433 0.25882352941176473
4 0.9307432432432432 0.7529411764705882 0.11824324324324324 0.25882352941176473
4 0.8462837837837838 0.6588235294117647 0.057432432432432436 0.1411764705882353
4 0.7989864864864865 0.7411764705882353 0.14527027027027026 0.2
4 0.7753378378378378 0.8794117647058823 0.13175675675675674 0.18235294117647058
4 0.6148648648648649 0.7617647058823529 0.14189189189189189 0.13529411764705881
4 0.8530405405405406 0.6352941176470588 0.21283783783783783 0.15294117647058825
4 0.777027027027027 0.6205882352941177 0.20270270270270271 0.18235294117647058
4 0.7263513513513513 0.5705882352941176 0.1554054054054054 0.12941176470588237
4 0.6891891891891891 0.5617647058823529 0.16891891891891891 0.18235294117647058
4 0.6081081081081081 0.5323529411764706 0.10135135135135136 0.18235294117647058
4 0.6942567567567568 0.43529411764705883 0.14527027027027026 0.2
4 0.6841216216216216 0.34411764705882353 0.11824324324324324 0.12352941176470589
4 0.9746621621621622 0.4176470588235294 0.04391891891891892 0.2235294117647059
4 0.918918918918919 0.4 0.06756756756756757 0.21176470588235294
4 0.8547297297297297 0.37941176470588234 0.060810810810810814 0.19411764705882353
4 0.8006756756756757 0.36470588235294116 0.060810810810810814 0.17647058823529413
4 0.7483108108108109 0.3382352941176471 0.05067567567567568 0.14705882352941177