4 0.7817002041411489 0.6712309368191721 0.2479002624671917 0.3814814814814815
4 0.11273694954797317 0.3108061002178649 0.22477398658501022 0.48043572984749455
4 0.4697871099445903 0.08107843137254903 0.2466608340624089 0.13148148148148148
4 0.8497666958296879 0.8825599128540305 0.21195683872849222 0.234880174291939
4 0.17559784193642464 0.6840958605664488 0.22417614464858557 0.3598474945533769
4 0.690573053368329 0.9297603485838779 0.2783756197142024 0.14047930283224414
4 0.05406824146981628 0.5846187363834422 0.10387868183143774 0.31041394335511974
4 0.4718358121901429 0.8783877995642702 0.23159813356663753 0.24322440087145966
4 0.3162656751239429 0.872636165577342 0.19002624671916007 0.22013071895424835
4 0.7463254593175853 0.2844553376906318 0.2675269757946924 0.37058823529411766
4 0.9041630212890055 0.46205882352941174 0.19167395742198906 0.35265795206971673
4 0.28502478856809565 0.1287690631808279 0.3062700495771362 0.24586056644880175