5 0.8494553376906319 0.7425653594771242 0.2647058823529412 0.5148692810457516
5 0.7571895424836601 0.5779411764705883 0.37363834422657966 0.5741830065359477
5 0.6862200435729848 0.34681372549019607 0.28235294117647053 0.42352941176470593
5 0.584640522875817 0.17663398692810456 0.20980392156862743 0.2552287581699346
5 0.3826252723311547 0.2167483660130719 0.4079520697167756 0.3946078431372549
5 0.26677559912854026 0.14607843137254903 0.391285403050109 0.2758169934640523
5 0.4817538126361656 0.5159313725490197 0.5029411764705881 0.7750000000000001
5 0.5584967320261438 0.7819444444444443 0.369281045751634 0.43611111111111117
5 0.7145969498910676 0.8801470588235295 0.38082788671023954 0.23970588235294107
5 0.5507080610021786 0.8834967320261439 0.360239651416122 0.23300653594771226
5 0.3872004357298475 0.7673202614379084 0.366557734204793 0.465359477124183
5 0.22968409586056646 0.5375 0.42407407407407405 0.6475490196078431
5 0.12941176470588237 0.34027777777777773 0.25882352941176473 0.562908496732026