5 0.13579166666666667 0.3536972343522562 0.11272916666666667 0.20521106259097524
5 0.12785416666666666 0.617278020378457 0.08904166666666667 0.2956914119359534
5 0.2456458333333333 0.2995778748180495 0.1293125 0.3298689956331878
5 0.23726041666666667 0.6515866084425036 0.13858333333333334 0.31698689956331877
5 0.3407395833333334 0.32729257641921394 0.056479166666666664 0.2652110625909752
5 0.33977083333333336 0.6397234352256187 0.08317708333333333 0.3442212518195051
5 0.39990625 0.2973362445414847 0.07845833333333332 0.31809315866084426
5 0.40790624999999997 0.603566229985444 0.07363541666666666 0.2791848617176128
5 0.47003125 0.3404803493449782 0.05985416666666667 0.25882096069869
5 0.4709583333333333 0.6080349344978166 0.059093749999999994 0.27721979621542936
5 0.5905625000000001 0.32880640465793304 0.18894791666666666 0.33739446870451234
5 0.5371666666666666 0.6850363901018923 0.0769375 0.3584425036390102
5 0.60284375 0.625778748180495 0.07286458333333333 0.27267831149927224
5 0.6792708333333334 0.6478311499272198 0.09291666666666668 0.2876564774381368
5 0.7142708333333334 0.36213973799126636 0.06395833333333333 0.26574963609898106
5 0.7908124999999999 0.3239883551673945 0.12104166666666667 0.28409024745269285
5 0.8953333333333333 0.3643085880640466 0.09014583333333334 0.2919505094614265
5 0.7790208333333334 0.6567248908296943 0.12053124999999999 0.3163609898107715
5 0.8857604166666667 0.6763901018922853 0.09444791666666667 0.32294032023289665