5 0.887048611111111 0.5738584290258235 0.14645833333333325 0.24319370316459116
5 0.8480208333333332 0.31222707423580787 0.139398148148148 0.32282063723111765
5 0.789988425925926 0.6553722572645426 0.18493055555555551 0.3717181519219366
5 0.7360648148148149 0.30788721763976495 0.19206018518518514 0.3619063022265351
5 0.6926388888888889 0.6532427624130681 0.10231481481481476 0.28163243301525676
5 0.6388425925925926 0.3464876812766187 0.14219907407407414 0.3680521861016766
5 0.640798611111111 0.6985551781767211 0.13344907407407405 0.3414200226427302
5 0.5788078703703704 0.40010243139791907 0.12136574074074082 0.30152568871637286
5 0.5649652777777778 0.6749959566553453 0.10430555555555543 0.2759178392366165
5 0.5170717592592592 0.4121785540999514 0.10666666666666665 0.2934929106690387
5 0.45011574074074073 0.717774543102054 0.24472222222222229 0.40099196722195274
5 0.4391203703703704 0.3536039678688878 0.13824074074074075 0.38093697773464874
5 0.3862037037037037 0.4294032023289665 0.11916666666666677 0.2941398458137906
5 0.30812500000000004 0.428271065825651 0.1413888888888889 0.3171060434524772
5 0.32469907407407406 0.7178284543641167 0.10965277777777777 0.2849210200010781
5 0.2569212962962963 0.7754056822470214 0.16854166666666662 0.3228745484931802
5 0.1484837962962963 0.763248692651895 0.13935185185185184 0.31990942907973485
5 0.2100462962962963 0.4457383147339479 0.17425925925925925 0.3551673944687045
5 0.10297453703703703 0.45401369346056386 0.1492361111111111 0.35241792010350964