5 0.8872337962962964 0.5177368052186102 0.16358024691358017 0.2589250094344707
5 0.8215239197530865 0.26372311175804625 0.16616512345679008 0.33178068898592916
5 0.8009297839506172 0.6168526605207828 0.2131095679012347 0.3875033694538788
5 0.7110648148148149 0.2782468057577228 0.2181635802469136 0.38060272790986044
5 0.7055594135802469 0.6317429511024854 0.12669753086419747 0.2853199633403418
5 0.6196836419753087 0.33412043775944794 0.17331018518518515 0.3744460617823064
5 0.6588618827160494 0.6857674268154618 0.16233796296296296 0.3474904307509839
5 0.5669521604938271 0.39788128740093803 0.14692129629629633 0.3071324599708879
5 0.5821913580246914 0.6751253436842957 0.1276466049382715 0.2810286268801552
5 0.5076273148148148 0.42047010620518627 0.13215277777777779 0.2973421747803116
5 0.47432870370370367 0.738524987869966 0.2711728395061729 0.4280446385249878
5 0.4250385802469136 0.3759717504986792 0.1714429012345678 0.3844843387783708
5 0.3810725308641975 0.4607148633349507 0.14367283950617277 0.3010836163674592
5 0.304375 0.4733247075314033 0.1670833333333333 0.3260337484500512
5 0.3510185185185185 0.7601110571998491 0.1340509259259259 0.2887595018599385
5 0.29061342592592593 0.8298560569302927 0.1923302469135803 0.3394899994608875
5 0.18310956790123456 0.8360828076985283 0.16610339506172841 0.3278343846029435
5 0.20994212962962963 0.5079033910183838 0.20128086419753088 0.36920588710981717
5 0.10599537037037036 0.5352525742627635 0.17824074074074076 0.36172300393552204