5 0.39320499999999997 0.4645386346586647 0.218905 0.3739459864966242
5 0.215555 0.3774493623405851 0.19361 0.3610502625656414
5 0.114475 0.21314328582145536 0.22894499999999998 0.3062490622655664
5 0.115225 0.5267591897974493 0.23045 0.29957989497374343
5 0.20517500000000002 0.7972618154538634 0.41035000000000005 0.4054763690922731
5 0.50214 0.8066391597899475 0.201775 0.386721680420105
5 0.697585 0.8413353338334584 0.20016499999999998 0.31732933233308325
5 0.637335 0.5006526631657915 0.259675 0.37490622655663913
5 0.350505 0.14470367591897973 0.26100999999999996 0.28940735183795946
5 0.572665 0.11463615903975995 0.19283 0.2292723180795199
5 0.5952000000000001 0.29510127531882974 0.2354 0.2726931732933233
5 0.7742749999999999 0.11300825206301575 0.20855500000000002 0.22602400600150038
5 0.8675 0.2557014253563391 0.265 0.29009752438109526
5 0.8825 0.6762940735183796 0.235 0.6474118529632408