5 0.5526444444444444 0.3288905559723264 0.34423333333333334 0.5193465032924898
5 0.6512444444444444 0.1606151537884471 0.3155111111111112 0.3212303075768942
5 0.65635 0.047303492539801616 0.31029999999999996 0.09460698507960323
5 0.7926666666666667 0.1585229640743519 0.31566666666666654 0.3170459281487038
5 0.791661111111111 0.3713511711261149 0.4126333333333332 0.7395348837209302
5 0.6136277777777778 0.6875718929732433 0.33701111111111115 0.5113778444611151
5 0.4795722222222222 0.8331499541552055 0.2983888888888889 0.28568808868883877
5 0.3793388888888889 0.6118529632408102 0.37597777777777774 0.5633908477119279
5 0.4477 0.1523380845211303 0.3326 0.3046761690422606
5 0.2657611111111111 0.26828373760106694 0.2562777777777777 0.3802117195965658
5 0.32461666666666666 0.4208385429690756 0.3095 0.45863132449779115
5 0.12106666666666667 0.47962824039343166 0.24213333333333334 0.39408185379678257
5 0.1338888888888889 0.6778027840293407 0.2677777777777778 0.500358422939068
5 0.26971666666666666 0.8085854797032591 0.4736777777777778 0.37449362340585135