5 0.1690909090909091 0.24043715846994534 0.3381818181818182 0.4808743169398907
5 0.21564983164983165 0.28415300546448086 0.3644983164983165 0.5519125683060109
5 0.2797171717171717 0.3770491803278688 0.394909090909091 0.5901639344262295
5 0.28340740740740744 0.4808743169398907 0.32969696969696977 0.4918032786885246
5 0.37816835016835015 0.5273224043715847 0.3874478114478114 0.5846994535519126
5 0.4248080808080808 0.5983606557377049 0.36048484848484846 0.5409836065573771
5 0.4772255892255893 0.5546448087431693 0.440996632996633 0.6612021857923497
5 0.5294410774410774 0.674863387978142 0.4588013468013469 0.6502732240437158
5 0.590060606060606 0.7622950819672131 0.37640404040404046 0.47540983606557374
5 0.6815353535353535 0.7459016393442623 0.45753535353535363 0.5081967213114754
5 0.6955690235690235 0.8661202185792349 0.34742087542087535 0.2677595628415301