5 0.11654545454545454 0.6184699453551913 0.11734545454545456 0.6010928961748634
5 0.20083636363636362 0.6160109289617487 0.11072727272727273 0.5911475409836066
5 0.2917454545454546 0.6160109289617487 0.1372 0.6110382513661202
5 0.3438181818181818 0.686775956284153 0.12563636363636363 0.48934426229508193
5 0.4355272727272727 0.6234426229508196 0.12396363636363637 0.6160109289617487
5 0.5033090909090909 0.6284153005464481 0.11734545454545456 0.5713114754098361
5 0.5206545454545455 0.5439890710382513 0.16199999999999998 0.670655737704918
5 0.6281090909090908 0.5898907103825137 0.16199999999999998 0.7128415300546448
5 0.7281090909090908 0.6134972677595628 0.11734545454545456 0.6110382513661202
5 0.8057818181818182 0.5451912568306011 0.15370909090909093 0.7277595628415301
5 0.8909090909090909 0.6470491803278688 0.12232727272727273 0.553879781420765