5 0.38574 0.15713846153846153 0.17814 0.2595692307692308
5 0.69026 0.17253846153846156 0.23163 0.21175384615384613
5 0.7558400000000001 0.39847692307692306 0.23168 0.3148923076923077
5 0.86439 0.5961384615384615 0.16433 0.341
5 0.69784 0.7034153846153847 0.16012 0.33333846153846153
5 0.60025 0.8706461538461537 0.15381999999999998 0.2507076923076923
5 0.44377999999999995 0.867523076923077 0.17201 0.26495384615384615
5 0.1765 0.7392153846153846 0.22411 0.33655384615384615
5 0.33792 0.790523076923077 0.15585 0.27847692307692307
5 0.42183 0.6067846153846155 0.18588 0.24606153846153847
5 0.48869 0.2942461538461538 0.23072 0.3115846153846154
5 0.5398999999999999 0.4818769230769231 0.19535 0.2971076923076923
5 0.325 0.4634153846153847 0.16112 0.20889230769230768
5 0.29239 0.32224615384615385 0.15367 0.1833846153846154
5 0.17779 0.45367692307692303 0.10669 0.2236