3 0.3325814536340852 0.20300751879699247 0.17551285621461063 0.2556390977443609
3 0.651183514341409 0.49624060150375937 0.27609765153624805 0.39097744360902253
3 0.7195860020421425 0.22932330827067668 0.3185742133110554 0.45112781954887216
3 0.5045576905226028 0.21052631578947367 0.26547851109254617 0.37593984962406013
3 0.5904019307528079 0.09962406015037593 0.24346050310962591 0.19924812030075187
3 0.3730715678084099 0.5300751879699248 0.2601689408706953 0.3684210526315789
3 0.5883133760326743 0.7763157894736842 0.27609765153624805 0.39097744360902253
3 0.24515919428200128 0.7180451127819549 0.23258145363408525 0.30451127819548873
3 0.344917850181008 0.8007518796992481 0.24511278195488714 0.30451127819548873
3 0.4173767752715121 0.7951127819548872 0.34701568736656463 0.40977443609022557
3 0.7895572263993316 0.5413533834586466 0.270639561867632 0.37969924812030076