0 0.03186005015432099 0.19978841145833331 0.06372010030864197 0.12581380208333337
0 0.037608506944444446 0.44212239583333335 0.07521701388888889 0.1714192708333333
0 0.07297212577160493 0.6555989583333333 0.14594425154320986 0.16230468749999982
0 0.07352912808641976 0.16494140625 0.14053337191358026 0.12952473958333333
0 0.13922887731481481 0.134326171875 0.14250096450617286 0.13108723958333335
0 0.07284915123456791 0.41546223958333334 0.14569830246913582 0.15930989583333333
0 0.1365162037037037 0.3760416666666667 0.17611882716049385 0.1747395833333334
0 0.2041714891975309 0.3450846354166667 0.18069058641975308 0.17643229166666663
0 0.2052517361111111 0.10393880208333334 0.14644097222222224 0.13470052083333334
0 0.2722463348765432 0.07399088541666667 0.1425395447530864 0.13499348958333332
0 0.33467640817901234 0.055126953125 0.14054301697530866 0.11025390625
0 0.4021846064814815 0.0408203125 0.14615162037037033 0.081640625
0 0.47164834104938275 0.026236979166666667 0.15305748456790122 0.052473958333333334
0 0.5388286072530865 0.012076822916666667 0.1502073688271605 0.024153645833333334
0 0.3123553240740741 0.2955078125 0.17219328703703699 0.17259114583333332
0 0.19064187885802472 0.5949055989583334 0.13415316358024693 0.14238281250000018
0 0.38165991512345676 0.26227213541666666 0.16695119598765432 0.1689127604166667
0 0.44767795138888894 0.232373046875 0.16695601851851846 0.1694010416666667
0 0.5225236304012345 0.19812825520833333 0.17676022376543207 0.1737955729166667
0 0.5918475115740741 0.162939453125 0.16894290123456793 0.17291666666666666
0 0.6617742091049382 0.13260091145833333 0.16234085648148136 0.16331380208333335
0 0.725489486882716 0.10525716145833333 0.16629533179012346 0.16839192708333334
0 0.13012876157407408 0.6274576822916667 0.1708236882716049 0.16569010416666674
0 0.24383680555555556 0.5785807291666667 0.16628568672839505 0.16741536458333334
0 0.4328052662037037 0.6840657552083333 0.14188368055555559 0.13447265625000004
0 0.3105420524691358 0.5449869791666666 0.16956018518518526 0.16953124999999997
0 0.37493007330246914 0.5154134114583333 0.16101466049382715 0.16080729166666674
0 0.437379436728395 0.48447265625 0.1629677854938271 0.16090494791666665
0 0.5037109375000001 0.4557779947916667 0.16887538580246927 0.1660807291666666
0 0.5668089313271605 0.425048828125 0.1544608410493827 0.15608723958333326
0 0.6305483217592592 0.395263671875 0.16230709876543217 0.15989583333333335
0 0.6988715277777778 0.36256510416666665 0.1669077932098766 0.1645182291666667
0 0.7639105902777779 0.332958984375 0.15969328703703725 0.15878906250000002
0 0.8201774691358025 0.3020833333333333 0.15775462962962963 0.16015625
0 0.884548611111111 0.27421875 0.15969328703703725 0.15878906250000002
0 0.5730203510802468 0.6526529947916667 0.23167920524691374 0.19996744791666665
0 0.7496720679012346 0.5557291666666666 0.21521990740740726 0.18059895833333334
0 0.8515697337962963 0.5167154947916667 0.1629870756172839 0.16285807291666665
0 0.9091025270061728 0.48943684895833334 0.16892361111111112 0.17096354166666672
0 0.9404658564814815 0.44345703125 0.11111111111111131 0.1812499999999999
0 0.21194058641975308 0.8102864583333333 0.17805266203703699 0.1728841145833333
0 0.40241126543209876 0.9283854166666667 0.20999228395061728 0.11249999999999982
0 0.5345582561728395 0.8902994791666666 0.20668885030864192 0.17333984375
0 0.6368730709876543 0.8419921875 0.1438560956790124 0.13652343750000018
0 0.8327305169753086 0.7441080729166667 0.19682195216049378 0.16259765625
0 0.9279730902777779 0.6871256510416667 0.13093653549382722 0.14612630208333344