0 0.08638888888888889 0.27753472222222225 0.17277777777777778 0.44256944444444446
0 0.20354938271604936 0.22892361111111112 0.22206790123456793 0.45539351851851856
0 0.3681404320987654 0.20417824074074073 0.22621913580246916 0.402337962962963
0 0.6102469135802469 0.16935185185185186 0.2187191358024691 0.3179166666666667
0 0.8874845679012345 0.27403935185185185 0.21885802469135812 0.37414351851851846
0 0.8039197530864198 0.43724537037037037 0.24830246913580253 0.4869212962962962
0 0.6740663580246913 0.2685416666666667 0.2199845679012346 0.45537037037037037
0 0.4788811728395062 0.355474537037037 0.18566358024691354 0.43000000000000005
0 0.5695061728395062 0.567511574074074 0.16554012345679017 0.3423148148148149
0 0.6253317901234569 0.7609895833333333 0.185679012345679 0.47802083333333345
0 0.7889274691358026 0.7903587962962962 0.27854938271604934 0.40916666666666685
0 0.0728317901234568 0.5134143518518519 0.1456635802469136 0.27986111111111106
0 0.19238425925925923 0.48516203703703703 0.15044753086419754 0.2765509259259259
0 0.3152469135802469 0.4615162037037037 0.16245370370370366 0.26418981481481474
0 0.40997685185185184 0.675162037037037 0.212608024691358 0.37407407407407406
0 0.4719984567901234 0.8462384259259259 0.12864197530864202 0.3044212962962963
0 0.025771604938271606 0.7394791666666667 0.05154320987654321 0.29145833333333326
0 0.08458333333333333 0.7606481481481482 0.16393518518518518 0.30168981481481494
0 0.21687499999999998 0.7621180555555556 0.2616358024691358 0.4027314814814815
0 0.3583179012345679 0.9012499999999999 0.13878086419753094 0.19208333333333344