0 0.06535416666666667 0.04975390625000001 0.13070833333333334 0.09950781250000001
0 0.16944270833333333 0.04858984375 0.08471875000000002 0.0971796875
0 0.25814583333333335 0.05057421875000001 0.09355208333333336 0.10114453125
0 0.09147395833333333 0.258828125 0.09995833333333333 0.15003124999999998
0 0.027026041666666667 0.47920312499999995 0.054052083333333334 0.15507421875
0 0.3528229166666667 0.0537578125 0.0783854166666667 0.107515625
0 0.427875 0.05467187500000001 0.07861979166666666 0.10933984375
0 0.17973958333333337 0.2681953125 0.07915625000000003 0.1408828125
0 0.2664635416666667 0.26371484375000004 0.08052604166666666 0.15690234375
0 0.34308333333333335 0.265171875 0.08666666666666671 0.15565234375000003
0 0.5029427083333333 0.055894531250000004 0.08165624999999999 0.11178906250000001
0 0.5784114583333334 0.05771875 0.07439062500000009 0.1154375
0 0.6508697916666667 0.057609375 0.07220312499999999 0.11521875
0 0.7271302083333334 0.05929296875000001 0.07761979166666677 0.11650390625000001
0 0.8060781250000001 0.06046484375 0.08287499999999988 0.1209296875
0 0.8815989583333335 0.06298437500000001 0.07571354166666655 0.12596484375
0 0.9564427083333333 0.06157421875 0.08106770833333332 0.1231484375
0 0.46602083333333333 0.26744921875 0.07719791666666669 0.15604296875
0 0.1673385416666667 0.47685937500000003 0.04880208333333336 0.13564453124999998
0 0.5456249999999999 0.2673984375 0.07265104166666674 0.15385937500000002
0 0.6200833333333333 0.2691015625 0.07169270833333341 0.15518359375000002
0 0.7052499999999999 0.27059375 0.08382812499999992 0.15400781250000004
0 0.786203125 0.26898046875000003 0.0708697916666668 0.159109375
0 0.8643333333333333 0.2719375 0.0717135416666667 0.1483671875
0 0.9352656250000001 0.27471875 0.0720208333333332 0.15392968750000002
0 0.09550520833333333 0.47992187499999994 0.082765625 0.1459375
0 0.22236979166666668 0.4850625 0.07282812500000002 0.15205468750000006
0 0.31044791666666666 0.6558828125 0.074125 0.11484765625000004
0 0.3001979166666667 0.48356250000000006 0.07583333333333335 0.15321875000000007
0 0.37342708333333335 0.48485156250000006 0.07241145833333329 0.14538671874999998
0 0.44570312500000003 0.48414062500000005 0.07542187499999997 0.14396484374999996
0 0.51990625 0.48693359375 0.07950000000000006 0.14746875000000004
0 0.5927916666666667 0.48658984375000003 0.06707291666666675 0.14261718749999996
0 0.6654895833333333 0.48735937500000004 0.07646875000000002 0.14207421874999998
0 0.7439062500000001 0.48751953125 0.07786979166666678 0.14655859375000002
0 0.8175572916666667 0.48883984375 0.07252604166666672 0.1429609375
0 0.8845416666666667 0.48558203125 0.06771875000000005 0.14685156249999998
0 0.9567447916666668 0.48845312500000004 0.07335416666666668 0.14218359375
0 0.44793750000000004 0.68712890625 0.1464947916666667 0.1544375
0 0.6588697916666667 0.6768085937500001 0.14371875000000003 0.13380078124999994
0 0.7693958333333334 0.68553125 0.07334374999999997 0.14707812499999995
0 0.8355416666666667 0.68584765625 0.07318750000000011 0.15603515624999997
0 0.935546875 0.677978515625 0.12890625 0.14697265625
0 0.04342708333333333 0.6733554687500001 0.08685416666666666 0.15187109375000007
0 0.10444791666666668 0.8818710937500001 0.1459166666666667 0.12360546875000011
0 0.2593385416666667 0.8779492187500001 0.1372864583333333 0.12889062499999993
0 0.37647395833333336 0.8786796875 0.07415624999999999 0.11722265625000006
0 0.604078125 0.875375 0.13397916666666662 0.11848828124999988
0 0.7353489583333332 0.87201953125 0.09561458333333335 0.11965234375000011
0 0.8619739583333335 0.8651953125 0.07593749999999992 0.12436718750000009