0 0.06525752314814814 0.8316203703703704 0.1305150462962963 0.3351851851851853
0 0.04536747685185185 0.39219907407407406 0.0907349537037037 0.3856018518518519
0 0.14640625000000002 0.8172916666666667 0.13922453703703702 0.35412037037037036
0 0.24820023148148146 0.7987731481481481 0.1475 0.37958333333333344
0 0.3449508101851852 0.7786805555555556 0.15037615740740745 0.4084722222222223
0 0.44652777777777775 0.7508101851851852 0.14513888888888893 0.4206481481481481
0 0.5483362268518519 0.7104398148148148 0.13925347222222229 0.39782407407407416
0 0.6472945601851852 0.6764814814814816 0.14557291666666677 0.4019444444444445
0 0.7455063657407408 0.6406944444444445 0.1430671296296296 0.3930555555555557
0 0.8468663194444446 0.6034722222222223 0.14217013888888905 0.38675925925925925
0 0.9354398148148148 0.5613888888888889 0.11291666666666664 0.36629629629629634
0 0.11305844907407407 0.36351851851851846 0.1405150462962963 0.3816666666666666
0 0.20791377314814813 0.34041666666666665 0.13994212962962962 0.39287037037037037
0 0.3508188657407407 0.29324074074074075 0.2295370370370371 0.4268981481481482
0 0.4986082175925926 0.23516203703703703 0.14067708333333329 0.3904166666666667
0 0.5982783564814815 0.2049074074074074 0.14543402777777778 0.39444444444444443
0 0.7012702546296297 0.1824189814814815 0.14635416666666662 0.364837962962963
0 0.7996296296296297 0.16699074074074072 0.14449074074074061 0.33398148148148143
0 0.9063078703703702 0.14097222222222222 0.1608217592592595 0.28194444444444444