3 0.6287067901234568 0.9232083333333333 0.10761728395061729 0.07675000000000011
3 0.6697376543209876 0.8482499999999998 0.09091358024691355 0.11616666666666674
3 0.7336574074074075 0.8484166666666667 0.07385802469135797 0.12566666666666662
3 0.5941111111111111 0.4572083333333333 0.1900308641975308 0.2929166666666667
3 0.8513672839506173 0.4872916666666666 0.06067901234567898 0.14924999999999997
3 0.5613179012345678 0.2889583333333334 0.20200617283950617 0.17583333333333329
3 0.4693919753086419 0.8194999999999999 0.29805555555555546 0.2539166666666665
3 0.6510030864197531 0.7312083333333333 0.23057407407407407 0.14258333333333326
3 0.6088117283950618 0.6927500000000001 0.17900000000000016 0.11875
3 0.74825 0.5454583333333334 0.08767283950617279 0.09716666666666668
3 0.7011512345679013 0.4037916666666666 0.11132716049382717 0.1916666666666666
3 0.2504043209876543 0.6550416666666666 0.24800000000000003 0.39458333333333345
3 0.3021759259259259 0.43174999999999997 0.2305925925925926 0.3741666666666667
3 0.24514814814814817 0.3644166666666666 0.142 0.1486666666666667
3 0.40454012345679013 0.6486666666666667 0.12417283950617285 0.20166666666666677
3 0.3331697530864198 0.5649583333333333 0.07546296296296295 0.08224999999999995
3 0.7861265432098765 0.41166666666666674 0.07364197530864203 0.22525000000000003
3 0.7949722222222223 0.6565833333333333 0.15596296296296297 0.1239166666666668
3 0.7193271604938271 0.6222500000000001 0.25920987654321 0.1740833333333333
3 0.48007716049382715 0.64875 0.10205555555555558 0.16708333333333342
3 0.36505864197530863 0.32162499999999994 0.09286419753086421 0.08150000000000002
3 0.2064753086419753 0.625125 0.11412345679012342 0.19941666666666663
3 0.48702777777777784 0.194375 0.16370370370370366 0.10975000000000001
3 0.7818456790123457 0.7760416666666667 0.158067901234568 0.28224999999999995