3 0.6570555555555556 0.4317222222222222 0.1487654320987654 0.1741111111111111
3 0.5691944444444444 0.38491666666666663 0.16061111111111112 0.1985370370370371
3 0.7105679012345679 0.2859259259259259 0.13203703703703695 0.16540740740740736
3 0.7678549382716049 0.36841666666666667 0.1320185185185187 0.16290740740740736
3 0.669391975308642 0.18432407407407408 0.16644444444444445 0.19866666666666669
3 0.5809043209876543 0.22171296296296295 0.15697530864197537 0.15762962962962965
3 0.5137870370370371 0.21862037037037035 0.147895061728395 0.16909259259259263
3 0.3584598765432099 0.29041666666666666 0.1885740740740741 0.14916666666666667
3 0.46216666666666667 0.3947962962962963 0.18290740740740735 0.17153703703703702
3 0.3179876543209877 0.39633333333333337 0.1796604938271605 0.18312962962962956
3 0.24685802469135804 0.35790740740740745 0.19466666666666668 0.1842962962962963
3 0.306108024691358 0.4803611111111112 0.1611543209876544 0.15938888888888889
3 0.386537037037037 0.5365 0.1815987654320988 0.21983333333333344
3 0.268783950617284 0.6174629629629629 0.20296296296296296 0.17948148148148144
3 0.4098302469135803 0.6430833333333333 0.16288888888888892 0.1685925925925926
3 0.4522469135802469 0.6871481481481482 0.17717283950617285 0.18474074074074073
3 0.44530864197530867 0.7631481481481482 0.2038333333333333 0.18450000000000008
3 0.4616728395061728 0.834462962962963 0.19388888888888894 0.19177777777777769
3 0.5707314814814815 0.8174537037037038 0.16559876543209875 0.19698148148148145
3 0.5906666666666667 0.6957407407407408 0.1711234567901234 0.1554444444444444
3 0.7325925925925926 0.6713333333333333 0.1703086419753087 0.15792592592592597
3 0.6670555555555556 0.6002777777777777 0.17971604938271601 0.19062962962962957
3 0.5759320987654322 0.5631296296296296 0.14973456790123463 0.19246296296296295
3 0.48407716049382715 0.5397500000000001 0.15546296296296305 0.1784259259259261