3 0.587273 0.590164 0.120000 0.196721
3 0.729091 0.524590 0.134545 0.163934
3 0.590909 0.439891 0.120000 0.169399
3 0.354545 0.352459 0.134545 0.213115
3 0.263636 0.224044 0.200000 0.273224
3 0.120000 0.609290 0.210909 0.289617
3 0.109091 0.833333 0.181818 0.245902
3 0.456364 0.885246 0.178182 0.229508
3 0.625455 0.898907 0.130909 0.191257
3 0.676364 0.732240 0.094545 0.131148
3 0.487273 0.439891 0.167273 0.234973
3 0.565455 0.314208 0.178182 0.180328
3 0.549091 0.240437 0.327273 0.306011
3 0.658182 0.153005 0.254545 0.295082
3 0.289091 0.524590 0.141818 0.207650
3 0.849091 0.456284 0.214545 0.366120
