3 0.433099 0.242938 0.190141 0.158192
3 0.494718 0.364407 0.207746 0.152542
3 0.625000 0.579096 0.207746 0.310734
3 0.313380 0.892655 0.253521 0.214689
3 0.139085 0.372881 0.095070 0.135593
3 0.772887 0.265537 0.235915 0.158192
3 0.693662 0.076271 0.112676 0.118644
3 0.919014 0.132768 0.154930 0.084746
3 0.568662 0.163842 0.116197 0.214689
3 0.621479 0.918079 0.080986 0.163842
3 0.660211 0.884181 0.390845 0.209040
3 0.070423 0.909605 0.133803 0.180791
3 0.401408 0.745763 0.140845 0.158192
3 0.181338 0.706215 0.130282 0.090395
3 0.332746 0.257062 0.059859 0.096045
3 0.348592 0.401130 0.112676 0.079096
3 0.943662 0.361582 0.091549 0.135593
