5 0.160232 0.760309 0.135135 0.396907
5 0.065637 0.837629 0.123552 0.314433
5 0.249035 0.755155 0.088803 0.170103
5 0.463320 0.871134 0.092664 0.216495
5 0.442085 0.956186 0.073359 0.087629
5 0.538610 0.956186 0.081081 0.087629
5 0.324324 0.920103 0.123552 0.149485
5 0.389961 0.613402 0.069498 0.298969
5 0.536680 0.572165 0.316602 0.298969
5 0.362934 0.198454 0.092664 0.324742
5 0.480695 0.262887 0.081081 0.288660
5 0.538610 0.216495 0.065637 0.278351
5 0.818533 0.412371 0.123552 0.144330
5 0.882239 0.739691 0.065637 0.087629
5 0.693050 0.876289 0.104247 0.061856
5 0.606178 0.420103 0.193050 0.118557
5 0.169884 0.381443 0.146718 0.092784
