1 0.393750 0.128518 0.130000 0.253283
1 0.125625 0.371482 0.171250 0.168856
1 0.121875 0.840525 0.241250 0.300188
1 0.408750 0.908068 0.110000 0.183865
1 0.541250 0.823640 0.145000 0.131332
1 0.702500 0.654784 0.150000 0.116323
1 0.437500 0.547842 0.362500 0.135084
1 0.544375 0.386492 0.196250 0.330206
1 0.839375 0.493433 0.146250 0.157598
1 0.955625 0.480300 0.073750 0.108818
1 0.825625 0.646341 0.083750 0.106942
1 0.666875 0.766417 0.163750 0.110694
1 0.285625 0.661351 0.333750 0.283302
1 0.618125 0.182927 0.331250 0.362101
