3 0.653000 0.646667 0.146000 0.088000
3 0.782000 0.609333 0.104000 0.141333
3 0.850000 0.526667 0.132000 0.136000
3 0.840000 0.608000 0.048000 0.080000
3 0.901000 0.701333 0.062000 0.176000
3 0.965000 0.776000 0.066000 0.090667
3 0.050000 0.258667 0.064000 0.117333
3 0.085000 0.245333 0.090000 0.138667
3 0.381000 0.141333 0.106000 0.064000
3 0.460000 0.081333 0.168000 0.104000
3 0.552000 0.066667 0.128000 0.112000
3 0.492000 0.214667 0.076000 0.104000
3 0.165000 0.424000 0.086000 0.149333
3 0.162000 0.633333 0.044000 0.050667
3 0.192000 0.605333 0.044000 0.064000
3 0.335000 0.710667 0.106000 0.098667
3 0.255000 0.862667 0.118000 0.194667
3 0.785000 0.272000 0.118000 0.090667
3 0.575000 0.900000 0.066000 0.077333
3 0.150000 0.913333 0.092000 0.061333
3 0.088000 0.704000 0.068000 0.122667
