3 0.243333 0.479167 0.133333 0.208333
3 0.280000 0.351190 0.120000 0.190476
3 0.418333 0.241071 0.156667 0.220238
3 0.433333 0.428571 0.113333 0.202381
3 0.543333 0.839286 0.126667 0.226190
3 0.601667 0.714286 0.156667 0.250000
3 0.575000 0.538690 0.150000 0.244048
3 0.588333 0.380952 0.136667 0.178571
3 0.696667 0.494048 0.106667 0.178571
3 0.686667 0.645833 0.140000 0.244048
3 0.818333 0.705357 0.136667 0.244048
3 0.828333 0.523810 0.130000 0.214286
3 0.910000 0.639881 0.113333 0.220238
3 0.881667 0.854167 0.116667 0.232143
3 0.736667 0.255952 0.113333 0.190476
3 0.845000 0.244048 0.103333 0.178571
3 0.943333 0.264881 0.113333 0.184524
3 0.548333 0.238095 0.110000 0.190476
3 0.296667 0.208333 0.100000 0.178571
3 0.611667 0.127976 0.103333 0.172619
