2 0.441077 0.564706 0.154882 0.200000
2 0.599327 0.644118 0.195286 0.300000
2 0.407407 0.823529 0.175084 0.247059
2 0.540404 0.835294 0.158249 0.200000
2 0.636364 0.885294 0.255892 0.147059
2 0.957912 0.785294 0.084175 0.158824
2 0.841751 0.814706 0.154882 0.217647
2 0.764310 0.417647 0.175084 0.270588
2 0.752525 0.585294 0.131313 0.194118
2 0.649832 0.520588 0.101010 0.135294
2 0.225589 0.791176 0.127946 0.182353
2 0.245791 0.505882 0.127946 0.176471
2 0.340067 0.564706 0.080808 0.105882
2 0.367003 0.314706 0.101010 0.123529
2 0.442761 0.282353 0.131313 0.188235
2 0.373737 0.108824 0.134680 0.194118
2 0.217172 0.223529 0.198653 0.200000
2 0.067340 0.388235 0.127946 0.247059
2 0.058923 0.600000 0.111111 0.247059
2 0.868687 0.305882 0.148148 0.223529
2 0.587542 0.273529 0.090909 0.452941
