1 0.354633 0.368106 0.063898 0.160671
1 0.350639 0.501199 0.078275 0.091127
1 0.221246 0.693046 0.065495 0.091127
1 0.236422 0.597122 0.060703 0.086331
1 0.191693 0.615108 0.070288 0.088729
1 0.320288 0.733813 0.087859 0.057554
1 0.384185 0.766187 0.091054 0.069544
1 0.527157 0.713429 0.162939 0.103118
1 0.422524 0.630695 0.129393 0.071942
1 0.412939 0.458034 0.052716 0.076739
1 0.387380 0.521583 0.065495 0.069544
1 0.472045 0.414868 0.084665 0.086331
1 0.510383 0.358513 0.062300 0.083933
1 0.634984 0.485612 0.055911 0.064748
1 0.644569 0.573141 0.052716 0.129496
1 0.719649 0.581535 0.091054 0.107914
1 0.746805 0.501199 0.068690 0.134293
1 0.808307 0.563549 0.063898 0.119904
1 0.974441 0.332134 0.051118 0.069544
1 0.949681 0.383693 0.049521 0.062350
1 0.917732 0.435252 0.055911 0.074341
1 0.894569 0.505995 0.060703 0.071942
1 0.945687 0.645084 0.073482 0.081535
1 0.813099 0.782974 0.044728 0.074341
1 0.729233 0.808153 0.055911 0.086331
1 0.517572 0.850120 0.051118 0.098321
1 0.189297 0.453237 0.075080 0.091127
1 0.091054 0.450839 0.057508 0.081535
1 0.116613 0.262590 0.086262 0.127098
1 0.262780 0.330935 0.071885 0.076739
1 0.325879 0.175060 0.118211 0.129496
1 0.044728 0.104317 0.079872 0.098321
1 0.448083 0.071942 0.062300 0.086331
1 0.567093 0.083933 0.070288 0.105516
1 0.571885 0.225420 0.079872 0.081535
1 0.661342 0.231415 0.054313 0.103118
1 0.816294 0.287770 0.057508 0.076739
1 0.869010 0.267386 0.047923 0.083933
1 0.905751 0.106715 0.070288 0.131894
1 0.240415 0.806954 0.068690 0.098321
1 0.175719 0.905276 0.057508 0.083933
1 0.314696 0.860911 0.083067 0.071942
1 0.614217 0.967626 0.068690 0.064748
1 0.898562 0.839329 0.068690 0.086331
1 0.873802 0.964029 0.054313 0.071942
1 0.855431 0.701439 0.075080 0.117506
1 0.923323 0.737410 0.079872 0.112710
1 0.803514 0.953237 0.070288 0.093525
1 0.160543 0.079137 0.113419 0.143885
1 0.256390 0.041966 0.049521 0.079137
1 0.116613 0.764988 0.060703 0.100719
1 0.059105 0.781775 0.063898 0.076739
1 0.056709 0.583933 0.071885 0.141487
1 0.165335 0.818945 0.062300 0.107914
1 0.142173 0.955635 0.067093 0.079137
1 0.245208 0.929257 0.097444 0.103118
1 0.500000 0.570743 0.073482 0.076739
