3 0.747273 0.890710 0.083636 0.131148
3 0.663636 0.743169 0.076364 0.120219
3 0.716364 0.710383 0.065455 0.131148
3 0.712727 0.286885 0.072727 0.081967
3 0.649091 0.374317 0.047273 0.081967
3 0.460000 0.256831 0.083636 0.087432
3 0.514545 0.270492 0.054545 0.081967
3 0.587273 0.232240 0.090909 0.103825
3 0.360000 0.306011 0.065455 0.098361
3 0.058182 0.431694 0.065455 0.076503
3 0.070909 0.491803 0.061818 0.065574
3 0.140000 0.918033 0.127273 0.163934
3 0.058182 0.756831 0.109091 0.125683
3 0.674545 0.508197 0.127273 0.098361
3 0.401818 0.931694 0.127273 0.136612
3 0.538182 0.923497 0.160000 0.142077
3 0.154545 0.696721 0.090909 0.114754
3 0.285455 0.833333 0.134545 0.136612
3 0.414545 0.693989 0.087273 0.087432
3 0.627273 0.825137 0.083636 0.142077
3 0.845455 0.215847 0.054545 0.071038
3 0.218182 0.374317 0.123636 0.081967
