3 0.545936 0.713483 0.215548 0.292135
3 0.477032 0.797753 0.233216 0.179775
3 0.240283 0.691011 0.197880 0.247191
3 0.100707 0.688202 0.151943 0.207865
3 0.151943 0.617978 0.106007 0.179775
3 0.219081 0.831461 0.176678 0.123596
3 0.162544 0.199438 0.183746 0.297753
3 0.273852 0.210674 0.173145 0.241573
3 0.189046 0.435393 0.180212 0.241573
3 0.233216 0.382022 0.162544 0.179775
3 0.469965 0.292135 0.070671 0.235955
3 0.367491 0.221910 0.219081 0.129213
3 0.537102 0.393258 0.049470 0.258427
3 0.621908 0.528090 0.176678 0.101124
3 0.772085 0.292135 0.081272 0.202247
3 0.687279 0.275281 0.123675 0.202247
3 0.791519 0.477528 0.077739 0.101124
3 0.697880 0.598315 0.180212 0.185393
3 0.418728 0.643258 0.159011 0.129213
3 0.365724 0.398876 0.130742 0.123596
