3 0.192667 0.487000 0.382667 0.970000
3 0.320000 0.149000 0.186667 0.262000
3 0.295333 0.420000 0.201333 0.208000
3 0.342000 0.638000 0.118667 0.188000
3 0.477333 0.597000 0.317333 0.326000
3 0.591333 0.594000 0.137333 0.164000
3 0.765333 0.668000 0.368000 0.132000
3 0.577333 0.809000 0.104000 0.126000
3 0.678667 0.807000 0.125333 0.198000
3 0.581333 0.158000 0.098667 0.156000
3 0.387333 0.308000 0.214667 0.136000
3 0.332000 0.157000 0.200000 0.258000
3 0.314000 0.420000 0.164000 0.172000
3 0.761333 0.081000 0.133333 0.134000
3 0.813333 0.414000 0.330667 0.332000
3 0.617333 0.317000 0.104000 0.134000
