1 0.263021 0.531901 0.096354 0.084635
1 0.342448 0.455078 0.122396 0.136719
1 0.330729 0.621745 0.132812 0.136719
1 0.229167 0.736328 0.190104 0.097656
1 0.309896 0.815755 0.151042 0.076823
1 0.149740 0.924479 0.182292 0.106771
1 0.173828 0.457031 0.149740 0.067708
1 0.607422 0.584635 0.134115 0.109375
1 0.509766 0.553385 0.131510 0.106771
1 0.537109 0.843099 0.102865 0.178385
1 0.460286 0.938802 0.092448 0.119792
1 0.660807 0.919922 0.092448 0.160156
1 0.843750 0.884766 0.098958 0.160156
1 0.792969 0.792318 0.072917 0.139323
1 0.857422 0.685547 0.209635 0.126302
1 0.778646 0.544271 0.218750 0.098958
1 0.436198 0.458333 0.109375 0.085938
1 0.334635 0.326823 0.145833 0.106771
1 0.648438 0.344401 0.101562 0.110677
1 0.793620 0.273438 0.053385 0.156250
1 0.934896 0.285807 0.130208 0.063802
1 0.516927 0.354818 0.125000 0.082031
1 0.576172 0.432292 0.149740 0.080729
1 0.864583 0.044271 0.140625 0.057292
1 0.826823 0.145182 0.125000 0.089844
1 0.381510 0.255208 0.117188 0.098958
1 0.193359 0.374349 0.063802 0.136719
1 0.723307 0.466797 0.126302 0.084635
1 0.089193 0.186849 0.147135 0.066406
