1 0.918605 0.488024 0.162791 0.245509
1 0.847176 0.787425 0.132890 0.269461
1 0.372093 0.871257 0.192691 0.257485
1 0.443522 0.688623 0.102990 0.299401
1 0.470100 0.479042 0.109635 0.155689
1 0.548173 0.772455 0.132890 0.131737
1 0.342193 0.194611 0.245847 0.209581
1 0.114618 0.407186 0.102990 0.239521
1 0.076412 0.218563 0.146179 0.293413
1 0.043189 0.479042 0.079734 0.179641
1 0.189369 0.517964 0.093023 0.125749
1 0.197674 0.661677 0.129568 0.173653
1 0.485050 0.269461 0.106312 0.143713
1 0.589701 0.350299 0.076412 0.125749
1 0.779070 0.434132 0.089701 0.161677
1 0.524917 0.062874 0.086379 0.101796
1 0.571429 0.559880 0.106312 0.233533
