2 0.333333 0.558140 0.051282 0.124031
2 0.341026 0.655039 0.056410 0.178295
2 0.398718 0.534884 0.038462 0.139535
2 0.464103 0.534884 0.056410 0.124031
2 0.500000 0.775194 0.051282 0.155039
2 0.696154 0.647287 0.048718 0.116279
2 0.638462 0.639535 0.066667 0.116279
2 0.634615 0.701550 0.058974 0.100775
2 0.637179 0.767442 0.053846 0.093023
2 0.562821 0.817829 0.048718 0.100775
2 0.598718 0.837209 0.048718 0.108527
2 0.200000 0.709302 0.056410 0.131783
2 0.247436 0.744186 0.053846 0.124031
2 0.176923 0.534884 0.051282 0.124031
2 0.480769 0.422481 0.058974 0.131783
2 0.670513 0.534884 0.074359 0.124031
2 0.587179 0.527132 0.046154 0.108527
2 0.255128 0.546512 0.048718 0.116279
2 0.278205 0.624031 0.043590 0.116279
2 0.635897 0.418605 0.051282 0.155039
2 0.415385 0.670543 0.046154 0.116279
2 0.351282 0.399225 0.030769 0.085271
2 0.721795 0.457364 0.048718 0.124031
2 0.798718 0.806202 0.048718 0.139535
2 0.706410 0.810078 0.058974 0.147287
2 0.793590 0.573643 0.053846 0.108527
2 0.862821 0.507752 0.069231 0.178295
