2 0.250781 0.765625 0.292187 0.368750
2 0.181250 0.420833 0.250000 0.291667
2 0.544531 0.613542 0.270313 0.360417
2 0.798438 0.858333 0.325000 0.283333
2 0.850000 0.750000 0.287500 0.316667
2 0.843750 0.491667 0.253125 0.237500
2 0.863281 0.354167 0.245313 0.229167
2 0.644531 0.359375 0.192188 0.206250
2 0.521875 0.447917 0.218750 0.245833
2 0.075000 0.139583 0.146875 0.175000
2 0.226562 0.225000 0.178125 0.212500
2 0.375781 0.348958 0.195312 0.214583
2 0.514062 0.312500 0.178125 0.162500
2 0.753125 0.222917 0.171875 0.187500
2 0.774219 0.281250 0.170313 0.154167
2 0.881250 0.225000 0.237500 0.283333
