1 0.303309 0.194595 0.180147 0.118919
1 0.829044 0.500000 0.158088 0.189189
1 0.742647 0.654054 0.117647 0.108108
1 0.648897 0.716216 0.121324 0.145946
1 0.858456 0.859459 0.113971 0.118919
1 0.345588 0.783784 0.220588 0.205405
1 0.474265 0.862162 0.169118 0.113514
1 0.077206 0.581081 0.147059 0.145946
1 0.222426 0.851351 0.084559 0.135135
1 0.123162 0.718919 0.047794 0.054054
1 0.147059 0.781081 0.058824 0.037838
1 0.152574 0.886486 0.069853 0.064865
1 0.036765 0.743243 0.066176 0.145946
1 0.156250 0.459459 0.113971 0.043243
1 0.136029 0.354054 0.066176 0.059459
1 0.409926 0.591892 0.143382 0.167568
1 0.222426 0.651351 0.106618 0.124324
1 0.220588 0.718919 0.058824 0.054054
1 0.522059 0.408108 0.066176 0.070270
1 0.569853 0.445946 0.066176 0.091892
1 0.613971 0.097297 0.161765 0.086486
1 0.761029 0.197297 0.044118 0.059459
1 0.665441 0.283784 0.066176 0.081081
1 0.654412 0.397297 0.080882 0.059459
1 0.669118 0.494595 0.073529 0.091892
1 0.834559 0.167568 0.147059 0.108108
1 0.924632 0.754054 0.062500 0.113514
1 0.674632 0.843243 0.047794 0.054054
1 0.623162 0.870270 0.047794 0.097297
1 0.751838 0.845946 0.084559 0.135135
