1 0.643982 0.476000 0.073116 0.044000
1 0.697413 0.441000 0.031496 0.050000
1 0.730596 0.432000 0.046119 0.040000
1 0.568616 0.524000 0.041620 0.052000
1 0.619798 0.512000 0.051744 0.044000
1 0.528684 0.553000 0.058493 0.030000
1 0.775591 0.538000 0.052868 0.072000
1 0.830709 0.557000 0.048369 0.062000
1 0.847582 0.499000 0.052868 0.030000
1 0.888076 0.480000 0.041620 0.040000
1 0.975253 0.511000 0.026997 0.054000
1 0.915636 0.533000 0.065242 0.038000
1 0.802587 0.659000 0.043870 0.050000
1 0.945444 0.750000 0.052868 0.092000
1 0.949944 0.888000 0.075366 0.052000
1 0.940382 0.937000 0.078740 0.058000
1 0.845332 0.959000 0.086614 0.082000
1 0.708661 0.881000 0.062992 0.086000
1 0.740720 0.941000 0.061867 0.070000
1 0.791339 0.946000 0.070866 0.076000
1 0.637233 0.679000 0.050619 0.050000
1 0.619235 0.719000 0.048369 0.054000
1 0.564679 0.570000 0.042745 0.036000
1 0.695726 0.571000 0.057368 0.066000
1 0.599550 0.597000 0.058493 0.074000
1 0.650169 0.619000 0.022497 0.086000
1 0.886389 0.597000 0.049494 0.054000
1 0.809899 0.868000 0.067492 0.120000
1 0.829584 0.775000 0.109111 0.058000
1 0.704162 0.758000 0.056243 0.064000
1 0.686164 0.956000 0.031496 0.088000
1 0.906074 0.637000 0.055118 0.078000
1 0.798650 0.467000 0.076490 0.054000
1 0.973566 0.561000 0.052868 0.046000
1 0.541057 0.694000 0.047244 0.040000
