3 0.650118 0.530208 0.137116 0.122917
3 0.773641 0.435417 0.154846 0.120833
3 0.845745 0.308333 0.176123 0.208333
3 0.885934 0.477083 0.062648 0.150000
3 0.780142 0.516667 0.148936 0.095833
3 0.638889 0.623958 0.171395 0.172917
3 0.495863 0.708333 0.183215 0.158333
3 0.225768 0.335417 0.118203 0.379167
3 0.127660 0.343750 0.099291 0.162500
3 0.083924 0.412500 0.063830 0.104167
3 0.206265 0.676042 0.074468 0.147917
3 0.280142 0.269792 0.056738 0.097917
3 0.371158 0.134375 0.141844 0.081250
3 0.433215 0.250000 0.166667 0.133333
3 0.584515 0.079167 0.046099 0.133333
3 0.634752 0.118750 0.054374 0.220833
3 0.680851 0.263542 0.115839 0.135417
3 0.707447 0.218750 0.135934 0.175000
3 0.726359 0.410417 0.138298 0.187500
3 0.708629 0.786458 0.081560 0.164583
3 0.810875 0.710417 0.148936 0.150000
3 0.910165 0.607292 0.082742 0.093750
3 0.375296 0.785417 0.100473 0.133333
3 0.212766 0.798958 0.054374 0.060417
3 0.245863 0.850000 0.068558 0.091667
3 0.617612 0.796875 0.102837 0.102083
3 0.098700 0.495833 0.105201 0.104167
3 0.877069 0.147917 0.075650 0.125000
