3 0.365979 0.480695 0.319588 0.274131
3 0.538660 0.652510 0.211340 0.154440
3 0.590206 0.820463 0.252577 0.258687
3 0.350515 0.797297 0.247423 0.289575
3 0.077320 0.764479 0.144330 0.146718
3 0.069588 0.496139 0.128866 0.189189
3 0.154639 0.590734 0.164948 0.169884
3 0.855670 0.177606 0.206186 0.146718
3 0.682990 0.162162 0.190722 0.131274
3 0.878866 0.310811 0.159794 0.119691
3 0.907216 0.559846 0.164948 0.154440
3 0.719072 0.389961 0.128866 0.316602
3 0.175258 0.222008 0.216495 0.220077
3 0.458763 0.287645 0.340206 0.111969
3 0.768041 0.789575 0.195876 0.158301
