4 0.526250 0.457786 0.180000 0.217636
4 0.731875 0.366792 0.176250 0.208255
4 0.719375 0.535647 0.186250 0.212008
4 0.765625 0.696060 0.133750 0.236398
4 0.880625 0.724203 0.153750 0.183865
4 0.920625 0.547842 0.128750 0.153846
4 0.258125 0.452158 0.206250 0.210131
4 0.116875 0.376173 0.158750 0.174484
4 0.202500 0.174484 0.127500 0.198874
4 0.223750 0.328330 0.117500 0.157598
4 0.236250 0.719512 0.237500 0.245779
4 0.693750 0.868668 0.265000 0.262664
4 0.381250 0.540338 0.197500 0.195122
4 0.056250 0.909006 0.110000 0.181989
4 0.116875 0.597561 0.163750 0.185741
4 0.202500 0.185741 0.127500 0.217636
4 0.542500 0.189493 0.157500 0.217636
4 0.661875 0.210131 0.133750 0.150094
4 0.776875 0.252345 0.188750 0.136961
4 0.330000 0.309568 0.170000 0.191370
4 0.400625 0.385553 0.153750 0.163227
4 0.961250 0.730769 0.077500 0.238274
4 0.461250 0.702627 0.187500 0.174484
4 0.624375 0.643527 0.188750 0.172608
4 0.524375 0.075047 0.301250 0.146341
4 0.313750 0.900563 0.367500 0.198874
