2 0.530909 0.459016 0.130909 0.251366
2 0.576364 0.631148 0.258182 0.136612
2 0.658182 0.852459 0.181818 0.153005
2 0.721818 0.486339 0.112727 0.251366
2 0.603636 0.319672 0.145455 0.311475
2 0.209091 0.549180 0.178182 0.114754
2 0.050909 0.601093 0.094545 0.098361
2 0.249091 0.893443 0.112727 0.213115
2 0.170909 0.155738 0.138182 0.245902
2 0.389091 0.114754 0.123636 0.218579
2 0.570909 0.112022 0.203636 0.114754
2 0.820000 0.114754 0.141818 0.174863
2 0.300000 0.319672 0.185455 0.234973
2 0.720000 0.306011 0.080000 0.120219
2 0.863636 0.478142 0.076364 0.114754
2 0.901818 0.633880 0.101818 0.098361
2 0.820000 0.743169 0.076364 0.109290
2 0.449091 0.366120 0.083636 0.098361
2 0.109091 0.428962 0.072727 0.103825
2 0.120000 0.743169 0.080000 0.098361
