3 0.258182 0.494536 0.087273 0.147541
3 0.252727 0.617486 0.105455 0.120219
3 0.269091 0.718579 0.094545 0.125683
3 0.198182 0.825137 0.090909 0.120219
3 0.425455 0.852459 0.094545 0.163934
3 0.350909 0.743169 0.061818 0.142077
3 0.350909 0.612022 0.083636 0.087432
3 0.401818 0.595628 0.076364 0.120219
3 0.425455 0.710383 0.087273 0.120219
3 0.407273 0.314208 0.087273 0.114754
3 0.469091 0.437158 0.116364 0.153005
3 0.665455 0.316940 0.465455 0.338798
3 0.890909 0.472678 0.072727 0.081967
3 0.756364 0.581967 0.116364 0.191257
3 0.734545 0.797814 0.123636 0.153005
3 0.794545 0.751366 0.076364 0.202186
3 0.540000 0.775956 0.120000 0.218579
3 0.632727 0.811475 0.080000 0.103825
3 0.674545 0.636612 0.120000 0.147541
3 0.530909 0.535519 0.101818 0.153005
3 0.325455 0.325137 0.112727 0.147541
3 0.183636 0.483607 0.236364 0.672131
