2 0.148750 0.606672 0.177500 0.192397
2 0.221250 0.570209 0.087500 0.097750
2 0.105313 0.503103 0.095625 0.140419
2 0.144063 0.474787 0.083125 0.117921
2 0.112812 0.277347 0.135625 0.114042
2 0.173437 0.188906 0.108125 0.173002
2 0.221250 0.240884 0.101250 0.098526
2 0.254375 0.152056 0.090000 0.117921
2 0.322500 0.112102 0.098750 0.169899
2 0.390937 0.158262 0.108125 0.117921
2 0.532500 0.294026 0.335000 0.209465
2 0.641875 0.362684 0.105000 0.103181
2 0.494063 0.346005 0.073125 0.083786
2 0.560625 0.500388 0.095000 0.145849
2 0.525312 0.567494 0.159375 0.081458
2 0.597500 0.588829 0.380000 0.240497
2 0.767500 0.479441 0.083750 0.155159
2 0.860938 0.700155 0.211875 0.396431
2 0.933438 0.737393 0.113125 0.104732
2 0.937813 0.565555 0.124375 0.206362
2 0.940625 0.443367 0.100000 0.112490
2 0.867812 0.423584 0.139375 0.099302
2 0.842812 0.214507 0.244375 0.343677
2 0.892813 0.152832 0.104375 0.096199
2 0.818750 0.100853 0.128750 0.111715
2 0.908750 0.262607 0.068750 0.093871
2 0.590625 0.229247 0.127500 0.118697
2 0.620000 0.074864 0.150000 0.096974
2 0.520625 0.105896 0.116250 0.101629
2 0.316875 0.640419 0.172500 0.165244
2 0.371250 0.794414 0.131250 0.108611
2 0.336250 0.719162 0.111250 0.152056
2 0.506250 0.719162 0.116250 0.161365
2 0.587500 0.752521 0.148750 0.108611
2 0.575313 0.796742 0.105625 0.079131
2 0.621250 0.835144 0.146250 0.078355
2 0.685000 0.794802 0.096250 0.140419
2 0.159062 0.681924 0.141875 0.124127
2 0.220625 0.780062 0.130000 0.120248
2 0.240937 0.832428 0.096875 0.119472
