2 0.411475 0.562264 0.065574 0.143396
2 0.262295 0.869811 0.091803 0.154717
2 0.462295 0.879245 0.095082 0.181132
2 0.486066 0.762264 0.083607 0.128302
2 0.563115 0.828302 0.077049 0.101887
2 0.656557 0.890566 0.070492 0.143396
2 0.587705 0.684906 0.090164 0.124528
2 0.350000 0.679245 0.080328 0.113208
2 0.378689 0.847170 0.075410 0.147170
2 0.291803 0.711321 0.078689 0.101887
2 0.281148 0.771698 0.070492 0.101887
2 0.139344 0.856604 0.088525 0.135849
2 0.195902 0.896226 0.077049 0.116981
2 0.036066 0.854717 0.068852 0.154717
2 0.056557 0.760377 0.086885 0.139623
2 0.049180 0.667925 0.072131 0.105660
2 0.149180 0.566038 0.078689 0.120755
2 0.160656 0.660377 0.078689 0.135849
2 0.193443 0.705660 0.081967 0.098113
2 0.296721 0.528302 0.065574 0.120755
2 0.347541 0.564151 0.062295 0.101887
2 0.366393 0.413208 0.073770 0.132075
2 0.484426 0.607547 0.067213 0.120755
2 0.068033 0.469811 0.057377 0.101887
2 0.239344 0.318868 0.062295 0.116981
2 0.341803 0.301887 0.054098 0.120755
2 0.381148 0.279245 0.067213 0.120755
2 0.418033 0.354717 0.052459 0.098113
2 0.493443 0.398113 0.062295 0.124528
2 0.536885 0.469811 0.057377 0.101887
2 0.568033 0.500000 0.050820 0.086792
2 0.600000 0.424528 0.055738 0.094340
2 0.546721 0.367925 0.060656 0.101887
2 0.125410 0.394340 0.060656 0.101887
2 0.167213 0.462264 0.055738 0.086792
2 0.212295 0.583019 0.047541 0.086792
2 0.250820 0.547170 0.045902 0.128302
2 0.027049 0.418868 0.044262 0.120755
2 0.290984 0.230189 0.057377 0.113208
2 0.475410 0.200000 0.045902 0.083019
2 0.598361 0.209434 0.059016 0.094340
2 0.554098 0.313208 0.052459 0.098113
2 0.245902 0.413208 0.075410 0.124528
2 0.187705 0.224528 0.054098 0.086792
2 0.213115 0.167925 0.059016 0.094340
2 0.109836 0.341509 0.062295 0.101887
2 0.668033 0.590566 0.047541 0.124528
