2 0.385000 0.464286 0.156667 0.226190
2 0.283333 0.413690 0.113333 0.279762
2 0.406667 0.309524 0.133333 0.166667
2 0.491667 0.142857 0.483333 0.273810
2 0.783333 0.181548 0.266667 0.196429
2 0.648333 0.247024 0.096667 0.125000
2 0.561667 0.348214 0.136667 0.172619
2 0.558333 0.467262 0.270000 0.303571
2 0.585000 0.532738 0.190000 0.315476
2 0.795000 0.363095 0.216667 0.345238
2 0.638333 0.627976 0.103333 0.220238
2 0.656667 0.880952 0.113333 0.214286
2 0.393333 0.863095 0.140000 0.214286
2 0.463333 0.809524 0.113333 0.154762
2 0.445000 0.660714 0.090000 0.202381
2 0.123333 0.711310 0.106667 0.244048
2 0.161667 0.720238 0.076667 0.202381
2 0.173333 0.886905 0.093333 0.154762
2 0.551667 0.877976 0.070000 0.196429
2 0.851667 0.895833 0.143333 0.172619
2 0.801667 0.705357 0.123333 0.172619
2 0.871667 0.642857 0.130000 0.166667
2 0.185000 0.416667 0.190000 0.392857
2 0.226667 0.122024 0.126667 0.220238
