1 0.108333 0.645833 0.190000 0.279762
1 0.200000 0.458333 0.086667 0.154762
1 0.183333 0.241071 0.093333 0.077381
1 0.176667 0.321429 0.066667 0.059524
1 0.218333 0.104167 0.163333 0.172619
1 0.271667 0.324405 0.050000 0.077381
1 0.321667 0.226190 0.116667 0.166667
1 0.346667 0.345238 0.073333 0.107143
1 0.376667 0.392857 0.053333 0.071429
1 0.450000 0.184524 0.173333 0.345238
1 0.666667 0.086310 0.226667 0.136905
1 0.676667 0.273810 0.113333 0.130952
1 0.783333 0.324405 0.113333 0.136905
1 0.745000 0.452381 0.183333 0.273810
1 0.605000 0.422619 0.123333 0.178571
1 0.536667 0.651786 0.206667 0.267857
1 0.396667 0.500000 0.320000 0.345238
