3 0.453125 0.762222 0.050000 0.097778
3 0.417187 0.704444 0.053125 0.088889
3 0.511458 0.578889 0.066667 0.100000
3 0.568750 0.676667 0.077083 0.108889
3 0.729688 0.936667 0.117708 0.126667
3 0.725521 0.821111 0.078125 0.104444
3 0.802083 0.794444 0.079167 0.126667
3 0.758854 0.711111 0.059375 0.102222
3 0.811979 0.690000 0.048958 0.082222
3 0.840625 0.741111 0.056250 0.100000
3 0.847917 0.635556 0.072917 0.120000
3 0.942708 0.795556 0.060417 0.106667
3 0.865625 0.957778 0.085417 0.084444
3 0.184896 0.958889 0.078125 0.082222
3 0.242188 0.970000 0.061458 0.060000
3 0.286458 0.844444 0.054167 0.080000
3 0.383854 0.875556 0.063542 0.084444
3 0.131771 0.770000 0.032292 0.055556
3 0.039583 0.667778 0.066667 0.068889
3 0.107292 0.620000 0.041667 0.062222
3 0.251563 0.545556 0.048958 0.086667
3 0.302604 0.632222 0.042708 0.060000
3 0.344271 0.553333 0.046875 0.066667
3 0.425521 0.611111 0.057292 0.075556
3 0.428646 0.444444 0.034375 0.066667
3 0.481250 0.436667 0.043750 0.051111
3 0.215104 0.804444 0.030208 0.048889
3 0.234896 0.763333 0.032292 0.046667
3 0.226562 0.726667 0.032292 0.040000
3 0.121354 0.851111 0.030208 0.066667
3 0.035417 0.838889 0.031250 0.055556
3 0.567187 0.953333 0.042708 0.075556
