5 0.578750 0.423333 0.260833 0.353333
5 0.700000 0.602083 0.535000 0.275833
5 0.850833 0.754583 0.223333 0.240833
5 0.563750 0.777500 0.434167 0.216667
5 0.310833 0.467917 0.321667 0.120833
5 0.282500 0.591250 0.253333 0.232500
5 0.537500 0.269167 0.421667 0.233333
5 0.784583 0.387500 0.205833 0.206667
5 0.892083 0.167917 0.215833 0.170833
5 0.512917 0.112917 0.520833 0.219167
5 0.180000 0.071250 0.286667 0.140833
5 0.200000 0.284583 0.333333 0.337500
5 0.117917 0.482083 0.234167 0.224167
5 0.170417 0.845000 0.339167 0.310000
5 0.672917 0.914167 0.377500 0.171667
5 0.881250 0.920417 0.222500 0.159167
