1 0.683636 0.549180 0.080000 0.103825
1 0.158182 0.838798 0.061818 0.103825
1 0.058182 0.803279 0.065455 0.120219
1 0.272727 0.909836 0.080000 0.136612
1 0.338182 0.841530 0.065455 0.098361
1 0.358182 0.248634 0.083636 0.092896
1 0.578182 0.587432 0.167273 0.377049
1 0.607273 0.857923 0.116364 0.163934
1 0.954545 0.338798 0.090909 0.142077
1 0.056364 0.581967 0.105455 0.147541
1 0.087273 0.494536 0.080000 0.103825
1 0.412727 0.398907 0.120000 0.273224
1 0.480000 0.122951 0.123636 0.114754
1 0.265455 0.180328 0.123636 0.142077
1 0.260000 0.423497 0.112727 0.158470
