3 0.852500 0.375235 0.190000 0.300188
3 0.731875 0.261726 0.166250 0.264540
3 0.611875 0.356473 0.153750 0.258912
3 0.302500 0.491557 0.207500 0.247655
3 0.290625 0.658537 0.196250 0.258912
3 0.203125 0.814259 0.303750 0.273921
3 0.766875 0.874296 0.363750 0.251407
3 0.525625 0.500938 0.093750 0.123827
3 0.592500 0.599437 0.115000 0.133208
3 0.695000 0.560976 0.117500 0.123827
3 0.365625 0.329268 0.141250 0.121951
3 0.224375 0.219512 0.081250 0.206379
3 0.496250 0.208255 0.087500 0.120075
3 0.941250 0.217636 0.050000 0.075047
3 0.737500 0.050657 0.090000 0.097561
3 0.545625 0.067542 0.066250 0.131332
3 0.102500 0.422139 0.202500 0.183865
