1 0.058182 0.721311 0.101818 0.557377
1 0.601818 0.581967 0.098182 0.398907
1 0.523636 0.568306 0.087273 0.393443
1 0.421818 0.811475 0.130909 0.245902
1 0.292727 0.841530 0.105455 0.218579
1 0.230909 0.543716 0.112727 0.497268
1 0.323636 0.489071 0.080000 0.420765
1 0.620000 0.308743 0.061818 0.333333
1 0.676364 0.349727 0.072727 0.327869
1 0.698182 0.213115 0.050909 0.262295
1 0.767273 0.297814 0.036364 0.278689
1 0.830909 0.297814 0.054545 0.256831
1 0.901818 0.355191 0.050909 0.316940
1 0.961818 0.510929 0.069091 0.125683
