2 0.380829 0.842308 0.134715 0.315385
2 0.488342 0.757692 0.106218 0.269231
2 0.490933 0.403846 0.106218 0.238462
2 0.593264 0.476923 0.108808 0.476923
2 0.634715 0.688462 0.093264 0.269231
2 0.584197 0.892308 0.090674 0.215385
2 0.656736 0.842308 0.101036 0.238462
2 0.762953 0.823077 0.147668 0.307692
2 0.704663 0.519231 0.134715 0.284615
2 0.768135 0.361538 0.095855 0.246154
2 0.893782 0.334615 0.129534 0.346154
2 0.950777 0.642308 0.098446 0.330769
2 0.937824 0.853846 0.124352 0.261538
2 0.840674 0.707692 0.106218 0.246154
2 0.303109 0.192308 0.113990 0.369231
2 0.053109 0.188462 0.090674 0.238462
2 0.059585 0.673077 0.088083 0.284615
2 0.115285 0.769231 0.085492 0.215385
2 0.151554 0.850000 0.095855 0.238462
2 0.340674 0.561538 0.069948 0.215385
2 0.663212 0.134615 0.103627 0.253846
2 0.576425 0.107692 0.090674 0.200000
2 0.445596 0.215385 0.088083 0.246154
