3 0.594595 0.608247 0.270270 0.309278
3 0.718147 0.829897 0.285714 0.340206
3 0.235521 0.675258 0.270270 0.226804
3 0.158301 0.806701 0.293436 0.293814
3 0.086873 0.554124 0.166023 0.283505
3 0.164093 0.389175 0.181467 0.262887
3 0.137066 0.172680 0.189189 0.201031
3 0.324324 0.420103 0.223938 0.242268
3 0.376448 0.239691 0.227799 0.252577
3 0.577220 0.154639 0.250965 0.247423
3 0.658301 0.371134 0.274131 0.268041
3 0.806950 0.667526 0.216216 0.273196
3 0.851351 0.386598 0.181467 0.237113
3 0.891892 0.505155 0.216216 0.247423
3 0.866795 0.149485 0.212355 0.268041
