1 0.606870 0.666667 0.145038 0.166667
1 0.643130 0.458333 0.125954 0.083333
1 0.732824 0.265625 0.091603 0.104167
1 0.851145 0.484375 0.114504 0.177083
1 0.799618 0.661458 0.110687 0.145833
1 0.188931 0.760417 0.133588 0.156250
1 0.238550 0.861979 0.095420 0.067708
1 0.272901 0.802083 0.125954 0.156250
1 0.387405 0.622396 0.118321 0.151042
1 0.377863 0.768229 0.099237 0.171875
1 0.139313 0.617188 0.148855 0.182292
1 0.400763 0.242188 0.099237 0.182292
1 0.232824 0.130208 0.091603 0.114583
1 0.333969 0.083333 0.095420 0.114583
1 0.104962 0.437500 0.118321 0.166667
1 0.580153 0.174479 0.091603 0.119792
1 0.604962 0.351562 0.095420 0.109375
1 0.448473 0.481771 0.118321 0.130208
1 0.196565 0.257812 0.118321 0.161458
1 0.770992 0.354167 0.076336 0.093750
1 0.511450 0.807292 0.068702 0.093750
1 0.618321 0.794271 0.053435 0.067708
1 0.469466 0.679688 0.061069 0.130208
