3 0.696364 0.439891 0.170909 0.267760
3 0.118182 0.890710 0.192727 0.207650
3 0.189091 0.306011 0.101818 0.185792
3 0.270909 0.379781 0.090909 0.169399
3 0.500000 0.306011 0.127273 0.163934
3 0.636364 0.281421 0.080000 0.103825
3 0.449091 0.860656 0.083636 0.147541
3 0.532727 0.945355 0.083636 0.109290
3 0.594545 0.901639 0.061818 0.098361
3 0.727273 0.740437 0.130909 0.191257
3 0.827273 0.795082 0.083636 0.092896
3 0.536364 0.453552 0.076364 0.120219
3 0.812727 0.346995 0.098182 0.169399
3 0.881818 0.177596 0.141818 0.191257
3 0.867273 0.603825 0.207273 0.267760
3 0.929091 0.379781 0.120000 0.169399
3 0.536364 0.095628 0.192727 0.180328
3 0.065455 0.122951 0.123636 0.234973
3 0.074545 0.407104 0.141818 0.300546
