2 0.041250 0.443651 0.080833 0.265079
2 0.109167 0.200794 0.131667 0.163492
2 0.230833 0.260317 0.116667 0.231746
2 0.339583 0.230952 0.144167 0.207937
2 0.146250 0.710317 0.089167 0.277778
2 0.247917 0.736508 0.129167 0.149206
2 0.306250 0.657143 0.144167 0.203175
2 0.396250 0.423016 0.157500 0.204762
2 0.455833 0.355556 0.095000 0.152381
2 0.466250 0.642063 0.122500 0.207937
2 0.531667 0.667460 0.111667 0.211111
2 0.589583 0.469048 0.122500 0.204762
2 0.322917 0.839683 0.109167 0.231746
2 0.675833 0.320635 0.155000 0.253968
2 0.735000 0.446825 0.131667 0.239683
2 0.855833 0.473810 0.135000 0.255556
2 0.857500 0.694444 0.116667 0.220635
2 0.933750 0.674603 0.090833 0.180952
2 0.943333 0.534127 0.091667 0.166667
2 0.921667 0.415873 0.063333 0.120635
2 0.880000 0.257143 0.068333 0.133333
2 0.951250 0.234921 0.097500 0.266667
2 0.805000 0.168254 0.100000 0.231746
2 0.750000 0.076190 0.081667 0.146032
2 0.456250 0.203175 0.127500 0.165079
2 0.135000 0.046032 0.125000 0.088889
2 0.076667 0.726190 0.110000 0.169841
2 0.062083 0.915079 0.117500 0.144444
2 0.222083 0.930952 0.145833 0.138095
2 0.423750 0.838889 0.075833 0.226984
2 0.650417 0.841270 0.154167 0.187302
2 0.327917 0.110317 0.167500 0.217460
2 0.540417 0.038889 0.087500 0.074603
2 0.632500 0.070635 0.126667 0.138095
2 0.597917 0.183333 0.109167 0.185714
