3 0.656364 0.622951 0.141818 0.174863
3 0.394545 0.609290 0.141818 0.071038
3 0.396364 0.699454 0.160000 0.098361
3 0.514545 0.704918 0.090909 0.142077
3 0.134545 0.568306 0.116364 0.109290
3 0.476364 0.259563 0.152727 0.191257
3 0.250909 0.396175 0.123636 0.180328
3 0.416364 0.519126 0.127273 0.109290
3 0.527273 0.530055 0.101818 0.153005
3 0.738182 0.240437 0.138182 0.153005
3 0.625455 0.275956 0.203636 0.180328
3 0.885455 0.409836 0.127273 0.153005
3 0.721818 0.543716 0.280000 0.278689
3 0.230909 0.770492 0.105455 0.218579
