3 0.326255 0.507732 0.096525 0.139175
3 0.397683 0.469072 0.092664 0.123711
3 0.488417 0.520619 0.135135 0.144330
3 0.569498 0.595361 0.111969 0.149485
3 0.905405 0.404639 0.150579 0.159794
3 0.768340 0.474227 0.131274 0.134021
3 0.648649 0.456186 0.138996 0.139175
3 0.546332 0.371134 0.119691 0.113402
3 0.449807 0.317010 0.127413 0.118557
3 0.322394 0.358247 0.119691 0.118557
3 0.106178 0.487113 0.111969 0.108247
3 0.237452 0.548969 0.119691 0.139175
3 0.214286 0.703608 0.150579 0.128866
3 0.123552 0.773196 0.123552 0.134021
3 0.055985 0.837629 0.104247 0.118557
3 0.339768 0.744845 0.092664 0.149485
3 0.160232 0.203608 0.096525 0.201031
3 0.050193 0.306701 0.092664 0.190722
3 0.218147 0.072165 0.135135 0.134021
3 0.055985 0.072165 0.104247 0.134021
3 0.403475 0.144330 0.119691 0.144330
3 0.324324 0.231959 0.115830 0.113402
3 0.777992 0.783505 0.111969 0.134021
3 0.797297 0.649485 0.104247 0.164948
3 0.602317 0.693299 0.138996 0.087629
3 0.461390 0.752577 0.088803 0.144330
3 0.625483 0.778351 0.123552 0.113402
3 0.606178 0.298969 0.108108 0.113402
3 0.698842 0.368557 0.115830 0.108247
3 0.554054 0.170103 0.104247 0.144330
3 0.644788 0.141753 0.108108 0.128866
3 0.839768 0.123711 0.127413 0.134021
3 0.669884 0.048969 0.104247 0.087629
3 0.440154 0.043814 0.115830 0.077320
3 0.054054 0.067010 0.100386 0.123711
3 0.662162 0.605670 0.104247 0.118557
3 0.861004 0.548969 0.115830 0.128866
3 0.949807 0.608247 0.100386 0.154639
3 0.861004 0.873711 0.092664 0.118557
3 0.947876 0.837629 0.088803 0.128866
3 0.258687 0.922680 0.084942 0.103093
3 0.453668 0.847938 0.096525 0.097938
3 0.714286 0.878866 0.123552 0.108247
