3 0.144788 0.484536 0.150579 0.185567
3 0.469112 0.600515 0.135135 0.118557
3 0.554054 0.636598 0.073359 0.097938
3 0.550193 0.747423 0.104247 0.154639
3 0.079151 0.755155 0.119691 0.128866
3 0.102317 0.641753 0.088803 0.139175
3 0.322394 0.530928 0.158301 0.257732
3 0.054054 0.404639 0.100386 0.293814
3 0.212355 0.329897 0.200772 0.185567
3 0.194981 0.175258 0.181467 0.113402
3 0.393822 0.342784 0.185328 0.067010
3 0.457529 0.378866 0.127413 0.046392
3 0.430502 0.469072 0.104247 0.144330
3 0.799228 0.719072 0.138996 0.211340
3 0.330116 0.231959 0.204633 0.195876
3 0.530888 0.881443 0.189189 0.082474
3 0.660232 0.713918 0.154440 0.231959
3 0.382239 0.778351 0.208494 0.216495
3 0.550193 0.389175 0.196911 0.211340
