3 0.303333 0.443452 0.133333 0.267857
3 0.500000 0.476190 0.186667 0.166667
3 0.625000 0.720238 0.210000 0.416667
3 0.608333 0.214286 0.170000 0.309524
3 0.665000 0.282738 0.083333 0.148810
3 0.743333 0.291667 0.093333 0.238095
3 0.831667 0.244048 0.110000 0.226190
3 0.863333 0.133929 0.120000 0.220238
3 0.938333 0.229167 0.123333 0.327381
3 0.926667 0.619048 0.146667 0.357143
3 0.813333 0.494048 0.133333 0.226190
3 0.806667 0.821429 0.160000 0.261905
3 0.085000 0.869048 0.163333 0.261905
3 0.180000 0.726190 0.180000 0.238095
3 0.228333 0.877976 0.156667 0.232143
3 0.406667 0.675595 0.180000 0.220238
3 0.070000 0.616071 0.120000 0.220238
3 0.158333 0.479167 0.150000 0.255952
3 0.066667 0.449405 0.093333 0.172619
3 0.086667 0.273810 0.126667 0.238095
3 0.028333 0.145833 0.050000 0.208333
3 0.240000 0.330357 0.106667 0.244048
3 0.323333 0.151786 0.093333 0.196429
3 0.280000 0.193452 0.113333 0.196429
3 0.448333 0.351190 0.110000 0.166667
3 0.353333 0.297619 0.140000 0.142857
3 0.463333 0.238095 0.126667 0.369048
