3 0.482222 0.675556 0.111111 0.080000
3 0.573333 0.646667 0.080000 0.084444
3 0.644444 0.540000 0.080000 0.075556
3 0.495556 0.537778 0.146667 0.115556
3 0.435556 0.493333 0.106667 0.088889
3 0.600000 0.397778 0.115556 0.075556
3 0.380000 0.406667 0.164444 0.111111
3 0.353333 0.677778 0.084444 0.057778
3 0.375556 0.753333 0.040000 0.048889
3 0.460000 0.742222 0.066667 0.053333
3 0.420000 0.780000 0.075556 0.048889
3 0.542222 0.764444 0.115556 0.106667
3 0.640000 0.622222 0.071111 0.088889
3 0.455556 0.317778 0.208889 0.137778
