4 0.552941 0.632353 0.094118 0.223529
4 0.726471 0.592647 0.107843 0.173529
4 0.234314 0.586765 0.107843 0.197059
4 0.354902 0.432353 0.094118 0.158824
4 0.490196 0.326471 0.117647 0.188235
4 0.663725 0.311765 0.107843 0.200000
4 0.846078 0.442647 0.080392 0.214706
4 0.763725 0.877941 0.115686 0.167647
4 0.496078 0.873529 0.117647 0.170588
4 0.325490 0.855882 0.098039 0.205882
4 0.151961 0.820588 0.080392 0.158824
4 0.091176 0.595588 0.096078 0.114706
4 0.138235 0.452941 0.076471 0.100000
4 0.193137 0.357353 0.084314 0.108824
4 0.329412 0.250000 0.078431 0.111765
4 0.422549 0.129412 0.068627 0.100000
4 0.542157 0.155882 0.056863 0.105882
4 0.418627 0.651471 0.060784 0.161765
4 0.334314 0.610294 0.056863 0.138235
4 0.466667 0.489706 0.078431 0.102941
4 0.622549 0.827941 0.080392 0.144118
4 0.840196 0.667647 0.072549 0.123529
4 0.238235 0.786765 0.068627 0.150000
