3 0.150350 0.221591 0.286713 0.431818
3 0.367133 0.409091 0.559441 0.750000
3 0.085664 0.678977 0.164336 0.357955
3 0.255245 0.681818 0.223776 0.306818
3 0.361888 0.784091 0.178322 0.250000
3 0.779720 0.803977 0.223776 0.198864
3 0.958042 0.667614 0.083916 0.335227
3 0.812937 0.627841 0.129371 0.164773
3 0.847902 0.519886 0.115385 0.187500
3 0.699301 0.454545 0.111888 0.125000
3 0.713287 0.588068 0.118881 0.119318
3 0.496503 0.488636 0.391608 0.318182
3 0.685315 0.221591 0.167832 0.420455
3 0.791958 0.193182 0.136364 0.375000
3 0.893357 0.159091 0.094406 0.147727
3 0.868881 0.366477 0.101399 0.221591
3 0.933566 0.446023 0.083916 0.176136
