3 0.360687 0.554404 0.133588 0.145078
3 0.614504 0.435233 0.114504 0.186528
3 0.091603 0.126943 0.083969 0.202073
3 0.282443 0.108808 0.213740 0.207254
3 0.536260 0.075130 0.095420 0.139896
3 0.368321 0.290155 0.614504 0.300518
3 0.152672 0.652850 0.244275 0.393782
3 0.341603 0.753886 0.103053 0.108808
3 0.343511 0.652850 0.091603 0.103627
3 0.530534 0.696891 0.122137 0.170984
3 0.503817 0.538860 0.083969 0.113990
3 0.858779 0.691710 0.099237 0.077720
3 0.900763 0.766839 0.106870 0.124352
3 0.608779 0.673575 0.057252 0.165803
3 0.669847 0.717617 0.080153 0.357513
