1 0.200361 0.604396 0.140794 0.252747
1 0.059567 0.848901 0.111913 0.291209
1 0.126354 0.958791 0.144404 0.082418
1 0.128159 0.832418 0.104693 0.104396
1 0.070397 0.489011 0.133574 0.109890
1 0.232852 0.771978 0.148014 0.104396
1 0.312274 0.829670 0.155235 0.098901
1 0.480144 0.835165 0.216606 0.153846
1 0.741877 0.703297 0.176895 0.175824
1 0.823105 0.813187 0.303249 0.230769
1 0.536101 0.541209 0.155235 0.093407
1 0.700361 0.568681 0.158845 0.148352
1 0.602888 0.664835 0.093863 0.142857
1 0.411552 0.601648 0.158845 0.170330
1 0.938628 0.620879 0.122744 0.175824
1 0.821300 0.563187 0.184116 0.093407
1 0.745487 0.489011 0.148014 0.098901
1 0.920578 0.480769 0.158845 0.137363
1 0.305054 0.434066 0.097473 0.142857
1 0.546931 0.423077 0.097473 0.142857
1 0.731047 0.401099 0.075812 0.098901
1 0.400722 0.445055 0.064982 0.087912
1 0.108303 0.335165 0.079422 0.120879
