2 0.538235 0.712838 0.117647 0.141892
2 0.505882 0.820946 0.088235 0.141892
2 0.586765 0.929054 0.161765 0.141892
2 0.277941 0.456081 0.108824 0.222973
2 0.360294 0.435811 0.132353 0.155405
2 0.338235 0.763514 0.111765 0.162162
2 0.220588 0.891892 0.129412 0.202703
2 0.279412 0.847973 0.088235 0.155405
2 0.451471 0.388514 0.102941 0.168919
2 0.707353 0.628378 0.085294 0.270270
2 0.769118 0.641892 0.073529 0.216216
2 0.777941 0.807432 0.079412 0.263514
2 0.814706 0.628378 0.082353 0.216216
2 0.876471 0.804054 0.070588 0.256757
2 0.552941 0.385135 0.094118 0.135135
2 0.110294 0.513514 0.085294 0.162162
2 0.642647 0.625000 0.073529 0.236486
2 0.051471 0.844595 0.097059 0.175676
2 0.430882 0.787162 0.085294 0.250000
2 0.564706 0.212838 0.082353 0.168919
2 0.963235 0.648649 0.073529 0.148649
2 0.967647 0.773649 0.064706 0.168919
