1 0.394872 0.676786 0.158974 0.353571
1 0.076923 0.505357 0.102564 0.117857
1 0.053846 0.650000 0.102564 0.150000
1 0.210256 0.755357 0.123077 0.260714
1 0.248718 0.491071 0.200000 0.182143
1 0.652564 0.812500 0.182051 0.232143
1 0.850000 0.775000 0.217949 0.150000
1 0.741026 0.428571 0.112821 0.164286
1 0.480769 0.408929 0.094872 0.096429
1 0.620513 0.148214 0.117949 0.110714
1 0.725641 0.101786 0.123077 0.110714
1 0.265385 0.053571 0.089744 0.100000
1 0.370513 0.237500 0.120513 0.167857
1 0.403846 0.416071 0.125641 0.132143
1 0.623077 0.269643 0.097436 0.103571
1 0.596154 0.653571 0.192308 0.242857
1 0.851282 0.307143 0.087179 0.235714
