3 0.086364 0.863946 0.118182 0.163265
3 0.245455 0.846939 0.109091 0.129252
3 0.515909 0.918367 0.104545 0.163265
3 0.588636 0.938776 0.068182 0.122449
3 0.661364 0.918367 0.113636 0.136054
3 0.534091 0.693878 0.095455 0.122449
3 0.413636 0.829932 0.127273 0.136054
3 0.190909 0.928571 0.154545 0.129252
3 0.834091 0.622449 0.104545 0.115646
3 0.961364 0.877551 0.077273 0.122449
3 0.979545 0.758503 0.040909 0.115646
3 0.843182 0.187075 0.050000 0.088435
3 0.743182 0.156463 0.077273 0.068027
3 0.625000 0.119048 0.195455 0.197279
3 0.331818 0.448980 0.081818 0.204082
3 0.188636 0.557823 0.204545 0.204082
3 0.629545 0.595238 0.131818 0.265306
3 0.920455 0.489796 0.086364 0.108844
3 0.690909 0.316327 0.154545 0.115646
3 0.154545 0.350340 0.154545 0.210884
3 0.086364 0.204082 0.163636 0.217687
