2 0.162000 0.584577 0.212000 0.154229
2 0.230000 0.572139 0.116000 0.099502
2 0.300000 0.649254 0.184000 0.164179
2 0.330000 0.718905 0.116000 0.134328
2 0.248000 0.713930 0.128000 0.084577
2 0.208000 0.761194 0.104000 0.099502
2 0.156000 0.674129 0.120000 0.124378
2 0.108000 0.497512 0.088000 0.119403
2 0.138000 0.460199 0.076000 0.104478
2 0.124000 0.273632 0.152000 0.099502
2 0.176000 0.308458 0.088000 0.069652
2 0.166000 0.365672 0.204000 0.144279
2 0.326000 0.370647 0.084000 0.164179
2 0.332000 0.480100 0.208000 0.124378
2 0.440000 0.509950 0.096000 0.104478
2 0.514000 0.559701 0.148000 0.074627
2 0.584000 0.584577 0.352000 0.283582
2 0.758000 0.477612 0.092000 0.159204
2 0.856000 0.706468 0.192000 0.388060
2 0.510000 0.696517 0.100000 0.139303
2 0.590000 0.741294 0.140000 0.079602
2 0.832000 0.226368 0.208000 0.323383
2 0.938000 0.440299 0.092000 0.114428
2 0.938000 0.562189 0.124000 0.208955
2 0.546000 0.325871 0.340000 0.283582
2 0.502000 0.395522 0.228000 0.303483
2 0.170000 0.174129 0.108000 0.149254
2 0.262000 0.154229 0.092000 0.099502
2 0.320000 0.099502 0.088000 0.139303
2 0.396000 0.144279 0.104000 0.119403
2 0.410000 0.049751 0.100000 0.089552
2 0.624000 0.067164 0.144000 0.104478
2 0.818000 0.094527 0.124000 0.099502
2 0.590000 0.223881 0.124000 0.139303
2 0.488000 0.079602 0.072000 0.089552
