2 0.426667 0.574405 0.160000 0.327381
2 0.638333 0.163690 0.096667 0.136905
2 0.828333 0.250000 0.110000 0.202381
2 0.448333 0.863095 0.150000 0.273810
2 0.578333 0.922619 0.283333 0.154762
2 0.315000 0.589286 0.156667 0.309524
2 0.106667 0.520833 0.173333 0.148810
2 0.685000 0.392857 0.083333 0.190476
2 0.760000 0.520833 0.093333 0.184524
2 0.876667 0.595238 0.186667 0.214286
2 0.968333 0.568452 0.063333 0.220238
2 0.816667 0.428571 0.086667 0.130952
2 0.838333 0.360119 0.090000 0.136905
2 0.631667 0.639881 0.103333 0.172619
