2 0.120000 0.756696 0.151111 0.156250
2 0.197778 0.667411 0.164444 0.165179
2 0.326667 0.689732 0.191111 0.138393
2 0.413333 0.694196 0.160000 0.138393
2 0.673333 0.863839 0.173333 0.165179
2 0.737778 0.776786 0.257778 0.196429
2 0.788889 0.890625 0.146667 0.156250
2 0.908889 0.883929 0.182222 0.223214
2 0.922222 0.638393 0.155556 0.169643
2 0.486667 0.917411 0.288889 0.165179
2 0.108889 0.953125 0.208889 0.093750
2 0.093333 0.613839 0.133333 0.147321
2 0.746667 0.618304 0.195556 0.156250
2 0.875556 0.540179 0.195556 0.160714
2 0.248889 0.404018 0.133333 0.102679
2 0.577778 0.700893 0.160000 0.169643
2 0.148889 0.493304 0.164444 0.111607
