5 0.409848 0.863636 0.201515 0.139394
5 0.424242 0.628788 0.078788 0.166667
5 0.306818 0.727273 0.040909 0.096970
5 0.280303 0.793939 0.072727 0.163636
5 0.234848 0.884848 0.112121 0.078788
5 0.175000 0.871212 0.107576 0.130303
5 0.535606 0.718182 0.059091 0.139394
5 0.587121 0.648485 0.068182 0.151515
5 0.616667 0.704545 0.124242 0.087879
5 0.605303 0.763636 0.128788 0.078788
5 0.559091 0.869697 0.133333 0.115152
5 0.778788 0.872727 0.081818 0.115152
5 0.926515 0.878788 0.134848 0.121212
5 0.951515 0.712121 0.093939 0.103030
5 0.878788 0.718182 0.066667 0.175758
5 0.730303 0.780303 0.090909 0.118182
5 0.719697 0.521212 0.090909 0.066667
5 0.360606 0.636364 0.072727 0.078788
5 0.824242 0.592424 0.054545 0.136364
5 0.873485 0.590909 0.065152 0.109091
5 0.418182 0.748485 0.096970 0.115152
