2 0.266409 0.567010 0.146718 0.113402
2 0.420849 0.515464 0.115830 0.144330
2 0.509653 0.551546 0.185328 0.175258
2 0.708494 0.574742 0.135135 0.180412
2 0.501931 0.701031 0.138996 0.185567
2 0.565637 0.786082 0.119691 0.180412
2 0.279923 0.824742 0.127413 0.185567
2 0.276062 0.670103 0.127413 0.164948
2 0.123552 0.561856 0.123552 0.134021
2 0.200772 0.461340 0.100386 0.118557
2 0.216216 0.342784 0.092664 0.128866
2 0.287645 0.291237 0.104247 0.128866
2 0.337838 0.311856 0.088803 0.139175
2 0.415058 0.278351 0.119691 0.123711
2 0.409266 0.376289 0.092664 0.144330
2 0.561776 0.342784 0.104247 0.139175
2 0.561776 0.440722 0.111969 0.128866
2 0.654440 0.443299 0.096525 0.144330
2 0.631274 0.296392 0.104247 0.170103
2 0.569498 0.188144 0.111969 0.139175
2 0.774131 0.195876 0.127413 0.144330
2 0.837838 0.139175 0.123552 0.154639
2 0.901544 0.206186 0.104247 0.164948
2 0.803089 0.497423 0.108108 0.159794
2 0.934363 0.680412 0.131274 0.195876
2 0.862934 0.806701 0.166023 0.170103
2 0.685328 0.835052 0.135135 0.164948
2 0.187259 0.768041 0.158301 0.164948
2 0.451737 0.943299 0.123552 0.113402
2 0.640927 0.943299 0.162162 0.113402
2 0.125483 0.309278 0.119691 0.123711
2 0.152510 0.402062 0.111969 0.113402
2 0.266409 0.182990 0.108108 0.128866
2 0.335907 0.177835 0.092664 0.139175
2 0.500000 0.123711 0.096525 0.144330
2 0.725869 0.100515 0.108108 0.108247
2 0.237452 0.100515 0.096525 0.108247
