3 0.190909 0.825137 0.243636 0.327869
3 0.361818 0.885246 0.112727 0.196721
3 0.501818 0.857923 0.196364 0.262295
3 0.327273 0.710383 0.145455 0.153005
3 0.134545 0.642077 0.138182 0.147541
3 0.138182 0.527322 0.130909 0.147541
3 0.178182 0.437158 0.116364 0.131148
3 0.307273 0.592896 0.120000 0.136612
3 0.407273 0.453552 0.101818 0.153005
3 0.480000 0.500000 0.109091 0.158470
3 0.665455 0.620219 0.138182 0.169399
3 0.432727 0.259563 0.196364 0.256831
3 0.183636 0.076503 0.112727 0.142077
3 0.398182 0.103825 0.090909 0.120219
3 0.280000 0.120219 0.080000 0.153005
3 0.561818 0.281421 0.112727 0.158470
3 0.747273 0.245902 0.170909 0.196721
3 0.672727 0.377049 0.065455 0.087432
3 0.710909 0.456284 0.105455 0.103825
3 0.938182 0.322404 0.116364 0.163934
