3 0.656250 0.358333 0.095833 0.105556
3 0.720833 0.263889 0.175000 0.066667
3 0.667708 0.206944 0.110417 0.102778
3 0.733333 0.316667 0.125000 0.122222
3 0.767708 0.393056 0.077083 0.091667
3 0.811458 0.468056 0.072917 0.091667
3 0.713542 0.477778 0.139583 0.161111
3 0.652083 0.581944 0.145833 0.130556
3 0.605208 0.468056 0.106250 0.091667
3 0.928125 0.172222 0.072917 0.088889
3 0.978125 0.197222 0.039583 0.066667
3 0.984375 0.286111 0.031250 0.066667
3 0.939583 0.318056 0.100000 0.202778
3 0.722917 0.781944 0.200000 0.186111
3 0.518750 0.673611 0.162500 0.213889
