3 0.609615 0.537736 0.114615 0.182390
3 0.548077 0.599581 0.277692 0.255765
3 0.658462 0.519392 0.327692 0.489518
3 0.795000 0.443396 0.133077 0.400419
3 0.893846 0.563417 0.073846 0.139413
3 0.964231 0.555031 0.071538 0.105870
3 0.936538 0.677673 0.108462 0.107966
3 0.601154 0.774633 0.068462 0.073375
3 0.648077 0.820231 0.066923 0.072327
3 0.442308 0.811845 0.087692 0.120545
3 0.339615 0.578616 0.093077 0.127883
3 0.392308 0.548742 0.140000 0.063941
3 0.171923 0.670335 0.134615 0.170860
3 0.131154 0.825472 0.113077 0.120545
3 0.148077 0.482704 0.139231 0.126834
3 0.178462 0.382075 0.121538 0.131027
3 0.166923 0.285115 0.096923 0.228512
3 0.226538 0.252621 0.074615 0.203354
3 0.303846 0.188679 0.081538 0.266247
3 0.393846 0.138889 0.132308 0.141509
3 0.394231 0.222746 0.106923 0.074423
3 0.565385 0.182914 0.229231 0.175052
3 0.259231 0.121069 0.096923 0.080713
3 0.806538 0.788260 0.070000 0.155136
3 0.282308 0.785115 0.203077 0.104822
