2 0.137830 0.851351 0.076246 0.202703
2 0.196481 0.895270 0.076246 0.182432
2 0.263930 0.871622 0.093842 0.189189
2 0.370968 0.861486 0.079179 0.168919
2 0.456012 0.864865 0.102639 0.162162
2 0.488270 0.770270 0.096774 0.135135
2 0.560117 0.814189 0.070381 0.101351
2 0.653959 0.885135 0.076246 0.135135
2 0.536657 0.905405 0.105572 0.148649
2 0.353372 0.564189 0.073314 0.101351
2 0.414956 0.540541 0.085044 0.121622
2 0.365103 0.418919 0.073314 0.162162
2 0.334311 0.483108 0.064516 0.114865
2 0.038123 0.851351 0.070381 0.189189
2 0.052786 0.746622 0.064516 0.141892
2 0.067449 0.466216 0.070381 0.148649
2 0.234604 0.317568 0.064516 0.135135
2 0.379765 0.277027 0.079179 0.121622
2 0.593842 0.425676 0.079179 0.121622
2 0.196481 0.712838 0.076246 0.114865
