4 0.302692 0.746073 0.320769 0.279581
4 0.582308 0.715707 0.276923 0.174869
4 0.658077 0.644503 0.251538 0.130890
4 0.684231 0.592670 0.239231 0.142408
4 0.244231 0.534031 0.363846 0.140314
4 0.451923 0.471204 0.203846 0.117277
4 0.339231 0.300000 0.303077 0.107853
4 0.185769 0.316230 0.213077 0.129843
4 0.903077 0.625654 0.193846 0.141361
4 0.938846 0.840314 0.122308 0.128796
4 0.865769 0.801047 0.268462 0.106806
4 0.606154 0.864398 0.273846 0.084817
4 0.118846 0.784817 0.234615 0.248168
4 0.231538 0.475916 0.163077 0.118325
4 0.669615 0.384817 0.190000 0.149738
4 0.675769 0.475916 0.117692 0.135079
4 0.949231 0.379058 0.101538 0.113089
4 0.842692 0.391623 0.094615 0.100524
