1 0.130990 0.889688 0.118211 0.076739
1 0.119808 0.942446 0.115016 0.062350
1 0.186901 0.925659 0.076677 0.057554
1 0.210064 0.937650 0.087859 0.124700
1 0.330671 0.912470 0.134185 0.151079
1 0.376198 0.968825 0.113419 0.062350
1 0.440895 0.965228 0.041534 0.069544
1 0.436901 0.910072 0.091054 0.074341
1 0.496805 0.954436 0.099042 0.091127
1 0.488818 0.853717 0.111821 0.081535
1 0.469649 0.774580 0.095847 0.071942
1 0.384984 0.796163 0.076677 0.086331
1 0.789936 0.935252 0.075080 0.129496
1 0.810703 0.854916 0.062300 0.160671
1 0.896965 0.940048 0.046326 0.119904
1 0.873802 0.906475 0.044728 0.062350
1 0.637380 0.840528 0.070288 0.079137
1 0.670128 0.906475 0.068690 0.086331
1 0.786741 0.748201 0.094249 0.057554
1 0.702077 0.678657 0.062300 0.033573
1 0.613419 0.736211 0.047923 0.067146
1 0.661342 0.743405 0.047923 0.043165
1 0.543131 0.750600 0.073482 0.047962
1 0.550319 0.799760 0.059105 0.064748
1 0.408147 0.732614 0.027157 0.026379
1 0.552716 0.691847 0.041534 0.035971
1 0.805112 0.688249 0.044728 0.043165
1 0.869808 0.711031 0.039936 0.035971
1 0.727636 0.717026 0.052716 0.043165
1 0.880192 0.667866 0.038339 0.055156
1 0.896965 0.743405 0.052716 0.052758
