1 0.042274 0.619048 0.061224 0.149660
1 0.091837 0.585034 0.055394 0.122449
1 0.215743 0.901361 0.104956 0.197279
1 0.218659 0.204082 0.052478 0.149660
1 0.325073 0.153061 0.061224 0.142857
1 0.511662 0.309524 0.172012 0.238095
1 0.587464 0.493197 0.113703 0.238095
1 0.785714 0.819728 0.107872 0.306122
1 0.857143 0.554422 0.081633 0.142857
1 0.483965 0.846939 0.116618 0.210884
1 0.553936 0.948980 0.087464 0.102041
1 0.065598 0.479592 0.078717 0.170068
1 0.470845 0.629252 0.102041 0.224490
1 0.180758 0.571429 0.069971 0.136054
