3 0.179924 0.272251 0.352273 0.534031
3 0.500000 0.204188 0.204545 0.397906
3 0.344697 0.172775 0.037879 0.031414
3 0.392045 0.196335 0.041667 0.057592
3 0.337121 0.227749 0.053030 0.047120
3 0.329545 0.327225 0.159091 0.141361
3 0.384470 0.840314 0.261364 0.172775
3 0.270833 0.678010 0.534091 0.486911
3 0.679924 0.442408 0.284091 0.277487
3 0.848485 0.130890 0.181818 0.251309
3 0.892045 0.384817 0.208333 0.287958
3 0.662879 0.178010 0.227273 0.272251
3 0.801136 0.316754 0.056818 0.068063
3 0.789773 0.382199 0.064394 0.062827
3 0.842803 0.534031 0.147727 0.178010
3 0.797348 0.693717 0.405303 0.465969
