4 0.216216 0.500000 0.252252 0.164000
4 0.208709 0.722000 0.243243 0.120000
4 0.129129 0.799000 0.246246 0.146000
4 0.342342 0.883000 0.186186 0.146000
4 0.454955 0.804000 0.177177 0.128000
4 0.102102 0.923000 0.198198 0.154000
4 0.259760 0.313000 0.249249 0.142000
4 0.349850 0.211000 0.225225 0.186000
4 0.475976 0.291000 0.177177 0.138000
4 0.639640 0.263000 0.216216 0.118000
4 0.357357 0.598000 0.144144 0.092000
4 0.466967 0.538000 0.183183 0.096000
4 0.460961 0.451000 0.183183 0.090000
4 0.629129 0.485000 0.189189 0.078000
4 0.522523 0.667000 0.180180 0.122000
