2 0.394000 0.453000 0.188000 0.142000
2 0.637000 0.557000 0.170000 0.098000
2 0.796000 0.700000 0.184000 0.184000
2 0.873000 0.537000 0.202000 0.146000
2 0.552000 0.271000 0.168000 0.134000
2 0.124000 0.344000 0.200000 0.120000
2 0.324000 0.710000 0.152000 0.128000
2 0.563000 0.753000 0.174000 0.158000
2 0.168000 0.568000 0.232000 0.164000
2 0.160000 0.271000 0.208000 0.102000
2 0.256000 0.229000 0.088000 0.078000
2 0.840000 0.356000 0.176000 0.144000
2 0.608000 0.447000 0.128000 0.106000
2 0.661000 0.473000 0.118000 0.110000
2 0.785000 0.505000 0.126000 0.074000
2 0.603000 0.902000 0.170000 0.108000
2 0.796000 0.883000 0.136000 0.114000
2 0.928000 0.743000 0.116000 0.158000
