5 0.351171 0.693452 0.200669 0.279762
5 0.551839 0.866071 0.066890 0.244048
5 0.483278 0.485119 0.170569 0.101190
5 0.667224 0.354167 0.096990 0.255952
5 0.836120 0.550595 0.113712 0.208333
5 0.423077 0.217262 0.063545 0.315476
5 0.295987 0.172619 0.076923 0.238095
5 0.312709 0.297619 0.056856 0.214286
5 0.382943 0.413690 0.130435 0.136905
5 0.909699 0.375000 0.080268 0.226190
5 0.913043 0.562500 0.127090 0.184524
5 0.804348 0.413690 0.163880 0.148810
5 0.550167 0.630952 0.190635 0.095238
5 0.697324 0.657738 0.070234 0.160714
5 0.110368 0.845238 0.153846 0.297619
5 0.190635 0.895833 0.100334 0.196429
