3 0.565000 0.175743 0.276154 0.254455
3 0.677692 0.475248 0.367692 0.140594
3 0.421538 0.521287 0.132308 0.141584
3 0.461923 0.607426 0.134615 0.111881
3 0.283462 0.657921 0.146923 0.214851
3 0.414231 0.727228 0.136154 0.163366
3 0.695000 0.733168 0.071538 0.117822
3 0.765000 0.709901 0.128462 0.124752
3 0.714615 0.569307 0.116923 0.194059
3 0.821538 0.563861 0.060000 0.139604
3 0.468462 0.256931 0.095385 0.096040
3 0.251538 0.171287 0.126154 0.180198
3 0.137692 0.256931 0.143077 0.117822
3 0.215769 0.677723 0.100769 0.187129
3 0.828846 0.223267 0.243846 0.206931
3 0.707308 0.105941 0.166923 0.178218
3 0.531923 0.382178 0.153077 0.140594
3 0.531538 0.601980 0.055385 0.065347
3 0.579231 0.673267 0.050769 0.063366
3 0.625000 0.634653 0.053077 0.067327
3 0.581538 0.570792 0.049231 0.054455
3 0.630000 0.568317 0.041538 0.057426
3 0.493846 0.781683 0.056923 0.062376
3 0.577692 0.756931 0.060000 0.058416
3 0.522308 0.803465 0.060000 0.082178
