3 0.749164 0.642857 0.220736 0.452381
3 0.526756 0.511905 0.150502 0.273810
3 0.428094 0.517857 0.073579 0.261905
3 0.070234 0.148810 0.133779 0.273810
3 0.153846 0.428571 0.200669 0.404762
3 0.413043 0.880952 0.230769 0.238095
3 0.637124 0.869048 0.083612 0.166667
3 0.914716 0.580357 0.117057 0.232143
3 0.822742 0.125000 0.214047 0.238095
3 0.958194 0.282738 0.076923 0.125000
3 0.600334 0.229167 0.237458 0.375000
3 0.304348 0.092262 0.100334 0.172619
3 0.377926 0.157738 0.127090 0.303571
3 0.331104 0.502976 0.140468 0.422619
3 0.222408 0.863095 0.123746 0.273810
3 0.028428 0.622024 0.050167 0.279762
