2 0.414163 0.581019 0.090129 0.152778
2 0.469957 0.541667 0.133047 0.074074
2 0.577253 0.638889 0.150215 0.120370
2 0.538627 0.699074 0.141631 0.129630
2 0.495708 0.793981 0.175966 0.134259
2 0.345494 0.824074 0.115880 0.120370
2 0.227468 0.712963 0.120172 0.166667
2 0.293991 0.578704 0.141631 0.111111
2 0.135193 0.824074 0.124464 0.138889
2 0.163090 0.946759 0.103004 0.106481
2 0.274678 0.946759 0.154506 0.106481
2 0.366953 0.956019 0.098712 0.078704
2 0.521459 0.958333 0.184549 0.074074
2 0.718884 0.923611 0.141631 0.143519
2 0.817597 0.935185 0.090129 0.129630
2 0.592275 0.877315 0.145923 0.115741
2 0.714592 0.699074 0.098712 0.129630
2 0.796137 0.479167 0.133047 0.097222
2 0.306867 0.467593 0.081545 0.157407
2 0.227468 0.490741 0.094421 0.138889
2 0.469957 0.414352 0.141631 0.134259
2 0.381974 0.391204 0.128755 0.115741
2 0.257511 0.386574 0.128755 0.115741
2 0.349785 0.342593 0.133047 0.129630
2 0.461373 0.217593 0.124464 0.138889
2 0.495708 0.287037 0.141631 0.120370
2 0.557940 0.328704 0.103004 0.120370
2 0.703863 0.398148 0.137339 0.120370
2 0.766094 0.312500 0.158798 0.115741
2 0.684549 0.203704 0.115880 0.120370
2 0.309013 0.178241 0.128755 0.125000
2 0.358369 0.231481 0.150215 0.101852
2 0.356223 0.162037 0.120172 0.111111
2 0.478541 0.180556 0.141631 0.111111
2 0.701717 0.585648 0.081545 0.078704
2 0.420601 0.587963 0.094421 0.148148
2 0.798283 0.805556 0.103004 0.157407
2 0.716738 0.925926 0.120172 0.148148
