5 0.057273 0.870909 0.112727 0.185455
5 0.197273 0.857273 0.047273 0.114545
5 0.160909 0.876364 0.034545 0.094545
5 0.133182 0.804545 0.035455 0.121818
5 0.097727 0.878182 0.051818 0.120000
5 0.277727 0.904545 0.080909 0.169091
5 0.422727 0.844545 0.067273 0.187273
5 0.436818 0.922727 0.086364 0.085455
5 0.636818 0.824545 0.099091 0.089091
5 0.783182 0.726364 0.039091 0.085455
5 0.935000 0.936364 0.050000 0.112727
5 0.838636 0.923636 0.064545 0.054545
5 0.286818 0.660909 0.071818 0.074545
5 0.321364 0.627273 0.031818 0.094545
5 0.080909 0.692727 0.089091 0.090909
5 0.154545 0.691818 0.054545 0.052727
5 0.199091 0.641818 0.023636 0.072727
5 0.175000 0.588182 0.026364 0.081818
5 0.244091 0.538182 0.039091 0.065455
5 0.292727 0.504545 0.025455 0.078182
5 0.549091 0.654545 0.040000 0.065455
5 0.643636 0.542727 0.027273 0.034545
5 0.827273 0.593636 0.023636 0.049091
5 0.865000 0.692727 0.070000 0.054545
5 0.822727 0.827273 0.038182 0.105455
5 0.776364 0.923636 0.058182 0.109091
5 0.616364 0.961818 0.049091 0.069091
5 0.661364 0.944545 0.064545 0.060000
5 0.567273 0.924545 0.043636 0.136364
5 0.336364 0.847273 0.041818 0.076364
5 0.359091 0.856364 0.056364 0.123636
5 0.762727 0.553636 0.043636 0.056364
5 0.675909 0.458182 0.031818 0.043636
5 0.172273 0.458182 0.031818 0.065455
5 0.203182 0.472727 0.022727 0.076364
5 0.246818 0.415455 0.033636 0.034545
5 0.360000 0.327273 0.027273 0.050909
5 0.810455 0.456364 0.033636 0.098182
5 0.847273 0.411818 0.065455 0.056364
5 0.859091 0.476364 0.063636 0.054545
