4 0.612040 0.627976 0.086957 0.172619
4 0.526756 0.648810 0.117057 0.154762
4 0.423077 0.702381 0.130435 0.154762
4 0.372910 0.875000 0.157191 0.202381
4 0.546823 0.886905 0.163880 0.226190
4 0.102007 0.711310 0.197324 0.208333
4 0.117057 0.872024 0.227425 0.136905
4 0.600334 0.431548 0.096990 0.172619
4 0.282609 0.532738 0.096990 0.113095
4 0.285953 0.657738 0.076923 0.113095
4 0.854515 0.508929 0.170569 0.184524
4 0.869565 0.678571 0.214047 0.202381
4 0.789298 0.854167 0.100334 0.172619
4 0.849498 0.919643 0.140468 0.160714
4 0.814381 0.357143 0.130435 0.166667
4 0.678930 0.482143 0.080268 0.130952
