2 0.415751 0.678378 0.172161 0.221622
2 0.505495 0.637838 0.073260 0.281081
2 0.571429 0.635135 0.146520 0.221622
2 0.695971 0.616216 0.168498 0.248649
2 0.884615 0.764865 0.135531 0.221622
2 0.853480 0.497297 0.263736 0.302703
2 0.135531 0.689189 0.131868 0.394595
2 0.287546 0.900000 0.172161 0.167568
2 0.525641 0.883784 0.091575 0.232432
2 0.470696 0.910811 0.084249 0.156757
2 0.721612 0.829730 0.256410 0.318919
2 0.730769 0.075676 0.157509 0.118919
2 0.760073 0.235135 0.179487 0.156757
2 0.276557 0.386486 0.098901 0.275676
2 0.399267 0.324324 0.073260 0.443243
2 0.163004 0.127027 0.091575 0.135135
2 0.276557 0.113514 0.150183 0.183784
2 0.043956 0.340541 0.073260 0.172973
2 0.032967 0.562162 0.058608 0.140541
2 0.514652 0.110811 0.208791 0.210811
