5 0.267372 0.870000 0.117825 0.206667
5 0.657100 0.420000 0.135952 0.226667
5 0.705438 0.303333 0.268882 0.193333
5 0.617825 0.860000 0.105740 0.173333
5 0.474320 0.916667 0.120846 0.166667
5 0.330816 0.633333 0.123867 0.213333
5 0.060423 0.563333 0.090634 0.193333
5 0.274924 0.270000 0.169184 0.166667
5 0.498489 0.696667 0.132931 0.206667
5 0.175227 0.430000 0.090634 0.126667
5 0.217523 0.523333 0.114804 0.140000
5 0.530211 0.406667 0.057402 0.120000
5 0.898792 0.343333 0.172205 0.206667
5 0.762840 0.086667 0.178248 0.160000
