2 0.250965 0.798969 0.416988 0.391753
2 0.610039 0.832474 0.370656 0.335052
2 0.832046 0.932990 0.243243 0.134021
2 0.845560 0.724227 0.308880 0.427835
2 0.386100 0.623711 0.223938 0.216495
2 0.291506 0.530928 0.181467 0.185567
2 0.142857 0.381443 0.123552 0.144330
2 0.237452 0.347938 0.158301 0.180412
2 0.343629 0.404639 0.146718 0.149485
2 0.409266 0.335052 0.146718 0.185567
2 0.507722 0.451031 0.173745 0.159794
2 0.525097 0.221649 0.146718 0.154639
2 0.629344 0.231959 0.131274 0.144330
2 0.706564 0.417526 0.162162 0.134021
2 0.880309 0.489691 0.154440 0.164948
2 0.915058 0.342784 0.146718 0.149485
