2 0.526000 0.238667 0.264000 0.200000
2 0.521000 0.429333 0.198000 0.346667
2 0.579000 0.600000 0.258000 0.176000
2 0.683000 0.505333 0.158000 0.136000
2 0.749000 0.430667 0.150000 0.253333
2 0.116000 0.312000 0.184000 0.261333
2 0.219000 0.365333 0.202000 0.197333
2 0.324000 0.130667 0.156000 0.256000
2 0.088000 0.113333 0.172000 0.221333
2 0.483000 0.909333 0.158000 0.176000
2 0.507000 0.804000 0.210000 0.189333
2 0.819000 0.904000 0.334000 0.192000
2 0.807000 0.802667 0.174000 0.144000
2 0.855000 0.510667 0.098000 0.136000
2 0.926000 0.592000 0.148000 0.176000
