3 0.374525 0.366492 0.209125 0.261780
3 0.606464 0.557592 0.193916 0.267016
3 0.769962 0.442408 0.209125 0.319372
3 0.604563 0.246073 0.182510 0.272251
3 0.764259 0.193717 0.190114 0.272251
3 0.433460 0.701571 0.205323 0.261780
3 0.334601 0.848168 0.197719 0.146597
3 0.277567 0.607330 0.250951 0.335079
3 0.186312 0.379581 0.197719 0.162304
3 0.153992 0.214660 0.148289 0.178010
3 0.344106 0.112565 0.178707 0.214660
3 0.482890 0.112565 0.129278 0.214660
3 0.695817 0.717277 0.190114 0.240838
3 0.608365 0.869110 0.418251 0.125654
3 0.844106 0.706806 0.144487 0.314136
