1 0.272308 0.579099 0.149231 0.132794
1 0.363077 0.616051 0.061538 0.091224
1 0.409615 0.601617 0.057692 0.217090
1 0.462308 0.531178 0.058462 0.180139
1 0.516923 0.553118 0.070769 0.210162
1 0.553846 0.658199 0.110769 0.214781
1 0.470000 0.730370 0.103077 0.204388
1 0.550385 0.882217 0.173077 0.124711
1 0.084231 0.699769 0.166923 0.085450
1 0.098462 0.596998 0.089231 0.113164
1 0.068846 0.447460 0.080769 0.188222
1 0.177692 0.460739 0.075385 0.184758
1 0.236923 0.334296 0.096923 0.146651
1 0.307692 0.192263 0.121538 0.070439
1 0.347308 0.097575 0.048462 0.116628
1 0.202308 0.183603 0.120000 0.143187
1 0.395769 0.897806 0.088462 0.192841
1 0.361923 0.799076 0.116154 0.064665
1 0.286154 0.767898 0.118462 0.066975
1 0.288462 0.725751 0.161538 0.088915
1 0.184615 0.788684 0.056923 0.096998
1 0.148846 0.829677 0.046923 0.176674
1 0.166538 0.948614 0.097692 0.102771
1 0.233846 0.938222 0.075385 0.123557
1 0.070385 0.778291 0.111538 0.170901
1 0.056154 0.938799 0.078462 0.122402
1 0.313077 0.460739 0.060000 0.122402
1 0.426538 0.291570 0.090000 0.072748
1 0.486538 0.370670 0.046923 0.120092
1 0.522692 0.287529 0.077692 0.115473
1 0.614615 0.269630 0.069231 0.130485
1 0.722308 0.131062 0.138462 0.100462
1 0.780769 0.081986 0.153846 0.083141
1 0.870385 0.195150 0.091538 0.133949
1 0.823077 0.341801 0.064615 0.168591
1 0.896538 0.433025 0.086923 0.083141
1 0.928462 0.358545 0.120000 0.137413
1 0.381538 0.051386 0.089231 0.061201
1 0.710769 0.696882 0.060000 0.079677
1 0.877308 0.600462 0.133077 0.073903
1 0.863846 0.524827 0.063077 0.098152
1 0.688077 0.405889 0.113077 0.155889
1 0.688846 0.782333 0.097692 0.079677
1 0.734231 0.870670 0.128462 0.140878
1 0.681154 0.887991 0.122308 0.203233
1 0.935385 0.781755 0.129231 0.113164
1 0.898846 0.924365 0.140769 0.132794
1 0.788462 0.961316 0.112308 0.075058
