2 0.471154 0.564786 0.139231 0.360502
2 0.622308 0.404911 0.289231 0.216301
2 0.459231 0.334378 0.193846 0.177638
2 0.284231 0.231975 0.079231 0.254963
2 0.206923 0.291536 0.115385 0.315569
2 0.169615 0.470219 0.093077 0.096134
2 0.063846 0.464995 0.126154 0.144201
2 0.171154 0.619645 0.083846 0.225705
2 0.221154 0.606061 0.119231 0.303030
2 0.292308 0.435737 0.129231 0.177638
2 0.615000 0.685998 0.123846 0.214211
2 0.629615 0.193312 0.165385 0.150470
2 0.804231 0.292059 0.391538 0.402299
2 0.820769 0.246604 0.129231 0.491118
2 0.389615 0.228318 0.206923 0.393939
2 0.164231 0.301463 0.108462 0.122257
2 0.383462 0.672414 0.156154 0.475444
2 0.341154 0.778997 0.085385 0.262278
2 0.926154 0.623302 0.147692 0.243469
2 0.702308 0.556949 0.216923 0.171369
