5 0.399615 0.637461 0.116154 0.162644
5 0.292308 0.665792 0.110769 0.166842
5 0.685000 0.657398 0.162308 0.206716
5 0.850769 0.672088 0.158462 0.137461
5 0.894615 0.781742 0.093846 0.109129
5 0.930769 0.470619 0.098462 0.210913
5 0.847308 0.470094 0.094615 0.121721
5 0.488077 0.531480 0.054615 0.061910
5 0.162692 0.622770 0.093077 0.047219
5 0.056154 0.732424 0.096923 0.169990
5 0.095385 0.758657 0.095385 0.014690
5 0.141538 0.615425 0.172308 0.078699
5 0.705385 0.471144 0.061538 0.031480
5 0.845769 0.844701 0.113077 0.117524
