2 0.755000 0.383929 0.123333 0.148810
2 0.865000 0.178571 0.103333 0.226190
2 0.943333 0.300595 0.093333 0.113095
2 0.601667 0.312500 0.076667 0.148810
2 0.678333 0.229167 0.096667 0.125000
2 0.301667 0.610119 0.263333 0.136905
2 0.468333 0.705357 0.283333 0.101190
2 0.518333 0.723214 0.170000 0.089286
2 0.523333 0.785714 0.193333 0.119048
2 0.516667 0.589286 0.153333 0.166667
2 0.061667 0.732143 0.116667 0.178571
2 0.086667 0.586310 0.140000 0.101190
2 0.310000 0.738095 0.160000 0.321429
2 0.773333 0.089286 0.080000 0.107143
2 0.965000 0.181548 0.063333 0.101190
