2 0.162222 0.575556 0.102222 0.093333
2 0.255556 0.617778 0.075556 0.080000
2 0.200000 0.391111 0.115556 0.071111
2 0.180000 0.300000 0.093333 0.093333
2 0.235556 0.315556 0.106667 0.097778
2 0.624444 0.260000 0.084444 0.084444
2 0.742222 0.317778 0.080000 0.093333
2 0.788889 0.262222 0.066667 0.088889
2 0.420000 0.597778 0.084444 0.120000
2 0.546667 0.755556 0.088889 0.124444
2 0.608889 0.700000 0.080000 0.102222
2 0.684444 0.566667 0.088889 0.093333
2 0.671111 0.457778 0.106667 0.071111
2 0.706667 0.482222 0.071111 0.066667
2 0.760000 0.617778 0.080000 0.080000
2 0.262222 0.760000 0.106667 0.080000
2 0.284444 0.817778 0.088889 0.106667
2 0.293333 0.464444 0.115556 0.066667
2 0.351111 0.526667 0.088889 0.075556
2 0.444444 0.308889 0.088889 0.084444
2 0.315556 0.171111 0.097778 0.066667
2 0.542222 0.460000 0.097778 0.066667
2 0.168889 0.860000 0.088889 0.084444
