2 0.556250 0.456250 0.231250 0.217500
2 0.662500 0.490000 0.253125 0.172500
2 0.753906 0.380000 0.242188 0.160000
2 0.505469 0.232500 0.298438 0.222500
2 0.146875 0.278125 0.206250 0.176250
2 0.286719 0.287500 0.167188 0.172500
2 0.120313 0.718750 0.237500 0.227500
2 0.134375 0.888750 0.265625 0.102500
2 0.425000 0.890000 0.184375 0.220000
2 0.709375 0.913750 0.537500 0.115000
2 0.867188 0.692500 0.206250 0.242500
2 0.887500 0.504375 0.150000 0.191250
2 0.333594 0.508125 0.664062 0.238750
2 0.225000 0.601875 0.446875 0.178750
2 0.748438 0.240000 0.212500 0.157500
2 0.795313 0.278750 0.409375 0.107500
2 0.944531 0.265625 0.110938 0.151250
2 0.792969 0.118125 0.307813 0.178750
2 0.360938 0.126250 0.718750 0.165000
2 0.635156 0.110625 0.239063 0.116250
2 0.619531 0.656875 0.120313 0.088750
2 0.277344 0.785000 0.145313 0.125000
