1 0.453000 0.855083 0.264000 0.177542
1 0.746500 0.701062 0.153000 0.172989
1 0.819500 0.805766 0.311000 0.233687
1 0.594000 0.856601 0.194000 0.226100
1 0.122000 0.959029 0.152000 0.081942
1 0.056500 0.840668 0.111000 0.279211
1 0.131000 0.841426 0.112000 0.116844
1 0.246000 0.767830 0.140000 0.097117
1 0.303500 0.837633 0.153000 0.109256
1 0.198000 0.615326 0.126000 0.259484
1 0.062000 0.628225 0.122000 0.121396
1 0.035500 0.709408 0.067000 0.138088
1 0.063000 0.486343 0.124000 0.116844
1 0.033000 0.435508 0.064000 0.081942
1 0.095000 0.424127 0.098000 0.092564
1 0.225000 0.514416 0.064000 0.142640
1 0.306500 0.412747 0.099000 0.115326
1 0.325000 0.481032 0.060000 0.094082
1 0.398500 0.519727 0.071000 0.092564
1 0.411000 0.592564 0.172000 0.165402
1 0.542000 0.544006 0.180000 0.116844
1 0.537500 0.676024 0.089000 0.107739
1 0.596500 0.666920 0.087000 0.150228
1 0.748500 0.485584 0.161000 0.097117
1 0.815500 0.561457 0.203000 0.091047
1 0.921000 0.487860 0.158000 0.132018
1 0.940500 0.636571 0.119000 0.210926
1 0.801500 0.604704 0.089000 0.074355
1 0.861500 0.666161 0.107000 0.133536
1 0.455000 0.430197 0.070000 0.086495
1 0.515500 0.477238 0.091000 0.101669
1 0.550500 0.433232 0.101000 0.165402
1 0.641000 0.478756 0.078000 0.098634
1 0.216500 0.408953 0.059000 0.092564
1 0.812000 0.402883 0.110000 0.077390
1 0.401000 0.374810 0.076000 0.088012
1 0.394500 0.450683 0.065000 0.097117
1 0.079500 0.385432 0.121000 0.066768
1 0.159000 0.413505 0.068000 0.071320
1 0.165500 0.468892 0.103000 0.084977
1 0.302500 0.653263 0.071000 0.092564
1 0.197500 0.618361 0.111000 0.271624
1 0.443000 0.744310 0.196000 0.098634
1 0.702500 0.573596 0.169000 0.160850
