2 0.285948 0.827273 0.114379 0.200000
2 0.379085 0.515152 0.124183 0.193939
2 0.490196 0.557576 0.124183 0.242424
2 0.174837 0.700000 0.094771 0.187879
2 0.184641 0.775758 0.133987 0.133333
2 0.148693 0.896970 0.199346 0.193939
2 0.483660 0.724242 0.156863 0.127273
2 0.486928 0.924242 0.196078 0.151515
2 0.771242 0.560606 0.169935 0.200000
2 0.792484 0.927273 0.120915 0.145455
2 0.246732 0.387879 0.114379 0.157576
2 0.124183 0.260606 0.143791 0.133333
2 0.303922 0.230303 0.084967 0.181818
2 0.338235 0.124242 0.081699 0.200000
2 0.439542 0.245455 0.114379 0.139394
2 0.898693 0.466667 0.117647 0.121212
2 0.066993 0.500000 0.088235 0.175758
2 0.710784 0.260606 0.133987 0.133333
2 0.702614 0.145455 0.098039 0.145455
