3 0.141156 0.359649 0.139456 0.274854
3 0.166667 0.374269 0.054422 0.081871
3 0.200680 0.450292 0.047619 0.093567
3 0.161565 0.479532 0.051020 0.128655
3 0.091837 0.473684 0.068027 0.105263
3 0.098639 0.730994 0.047619 0.081871
3 0.079932 0.833333 0.064626 0.076023
3 0.139456 0.786550 0.074830 0.099415
3 0.188776 0.698830 0.078231 0.087719
3 0.117347 0.880117 0.071429 0.087719
3 0.246599 0.909357 0.078231 0.076023
3 0.311224 0.891813 0.078231 0.134503
3 0.377551 0.959064 0.074830 0.081871
3 0.164966 0.967836 0.051020 0.064327
3 0.212585 0.964912 0.037415 0.070175
3 0.250000 0.961988 0.044218 0.076023
3 0.289116 0.964912 0.040816 0.070175
3 0.326531 0.959064 0.054422 0.081871
3 0.214286 0.807018 0.102041 0.140351
3 0.387755 0.415205 0.061224 0.280702
3 0.389456 0.596491 0.085034 0.128655
3 0.343537 0.435673 0.054422 0.087719
3 0.346939 0.309942 0.081633 0.128655
3 0.748299 0.643275 0.095238 0.140351
3 0.778912 0.745614 0.081633 0.134503
3 0.821429 0.687135 0.078231 0.134503
3 0.886054 0.751462 0.085034 0.134503
3 0.761905 0.464912 0.081633 0.099415
3 0.807823 0.502924 0.057823 0.081871
3 0.860544 0.514620 0.061224 0.093567
3 0.906463 0.418129 0.057823 0.087719
3 0.794218 0.309942 0.085034 0.070175
3 0.862245 0.289474 0.064626 0.064327
3 0.875850 0.353801 0.057823 0.064327
3 0.704082 0.266082 0.081633 0.111111
3 0.775510 0.260234 0.068027 0.099415
3 0.889456 0.160819 0.044218 0.064327
3 0.955782 0.125731 0.054422 0.076023
3 0.921769 0.195906 0.040816 0.099415
3 0.539116 0.502924 0.146259 0.994152
3 0.423469 0.801170 0.098639 0.233918
3 0.500000 0.602339 0.061224 0.140351
3 0.549320 0.847953 0.091837 0.292398
3 0.564626 0.573099 0.074830 0.257310
3 0.253401 0.222222 0.200680 0.245614
3 0.299320 0.619883 0.129252 0.175439
3 0.326531 0.760234 0.108844 0.152047
