1 0.434363 0.744845 0.111969 0.201031
1 0.283784 0.853093 0.274131 0.149485
1 0.125483 0.747423 0.212355 0.113402
1 0.561776 0.922680 0.243243 0.103093
1 0.573359 0.670103 0.142857 0.144330
1 0.749035 0.440722 0.138996 0.077320
1 0.530888 0.476804 0.142857 0.139175
1 0.693050 0.657216 0.088803 0.128866
1 0.673745 0.806701 0.212355 0.139175
1 0.930502 0.744845 0.138996 0.170103
1 0.768340 0.536082 0.100386 0.123711
1 0.366795 0.523196 0.069498 0.118557
1 0.289575 0.729381 0.162162 0.159794
1 0.660232 0.342784 0.061776 0.097938
1 0.805019 0.280928 0.096525 0.087629
