1 0.478077 0.426855 0.168462 0.197492
1 0.451538 0.301985 0.129231 0.089864
1 0.345385 0.221003 0.192308 0.132706
1 0.068846 0.299373 0.085385 0.180773
1 0.162308 0.421108 0.215385 0.119122
1 0.090000 0.574713 0.123077 0.254963
1 0.236154 0.503135 0.233846 0.201672
1 0.373846 0.757053 0.124615 0.306165
1 0.156154 0.798328 0.215385 0.219436
1 0.622308 0.561651 0.112308 0.164054
1 0.512308 0.690700 0.201538 0.133751
1 0.428462 0.769070 0.103077 0.167189
1 0.715769 0.804075 0.179231 0.136886
1 0.815385 0.727795 0.066154 0.161964
1 0.776923 0.382445 0.207692 0.244514
1 0.590000 0.177638 0.103077 0.217346
1 0.650000 0.242424 0.086154 0.202717
1 0.743077 0.258098 0.136923 0.200627
1 0.772308 0.376698 0.221538 0.239289
1 0.922308 0.365204 0.078462 0.256008
1 0.108846 0.101881 0.159231 0.107628
1 0.143846 0.201149 0.135385 0.080460
1 0.270385 0.177638 0.093077 0.173459
1 0.413846 0.114420 0.172308 0.090909
1 0.521538 0.184953 0.098462 0.127482
1 0.468077 0.248171 0.186923 0.078370
1 0.536538 0.285789 0.097692 0.095089
1 0.647308 0.240334 0.082308 0.190178
1 0.746154 0.125914 0.096923 0.134796
1 0.781538 0.213166 0.058462 0.144201
1 0.859615 0.199582 0.057692 0.140021
1 0.897308 0.142633 0.048462 0.143156
1 0.815385 0.065831 0.113846 0.127482
1 0.612692 0.094566 0.080769 0.099269
1 0.112692 0.050157 0.111538 0.098224
1 0.206923 0.138976 0.046154 0.089864
1 0.515769 0.365726 0.114615 0.110763
1 0.661538 0.676594 0.124615 0.176594
1 0.591923 0.436782 0.136154 0.121212
1 0.414231 0.486416 0.042308 0.141066
1 0.410000 0.587252 0.152308 0.121212
1 0.513462 0.549634 0.083846 0.179728
1 0.710769 0.536050 0.118462 0.152560
1 0.969615 0.829154 0.059231 0.149425
1 0.868846 0.795193 0.083846 0.225705
1 0.913077 0.792581 0.067692 0.235110
1 0.901538 0.634796 0.196923 0.078370
1 0.961923 0.485893 0.074615 0.208986
