3 0.654231 0.445607 0.108462 0.131799
3 0.871538 0.668933 0.078462 0.105649
3 0.885769 0.514121 0.076154 0.258368
3 0.949231 0.371339 0.084615 0.127615
3 0.312692 0.608787 0.111538 0.133891
3 0.123462 0.722803 0.122308 0.169456
3 0.333846 0.854079 0.124615 0.111925
3 0.553846 0.789749 0.092308 0.079498
3 0.570769 0.703452 0.093846 0.095188
3 0.650385 0.761506 0.070000 0.092050
3 0.728077 0.769874 0.097692 0.121339
3 0.776538 0.715481 0.086923 0.138075
3 0.783077 0.846757 0.127692 0.105649
3 0.879231 0.834205 0.093846 0.109833
3 0.488077 0.802824 0.093077 0.128661
3 0.352692 0.502615 0.108462 0.126569
3 0.475385 0.207636 0.095385 0.105649
3 0.096538 0.415795 0.100769 0.122385
3 0.201923 0.606172 0.102308 0.088912
3 0.226923 0.181485 0.409231 0.354603
3 0.723077 0.124477 0.144615 0.148536
3 0.518846 0.052301 0.120769 0.102510
3 0.725769 0.246339 0.070000 0.099372
3 0.791923 0.236402 0.062308 0.100418
3 0.835385 0.137029 0.060000 0.098326
3 0.176923 0.821653 0.126154 0.070084
3 0.605000 0.548640 0.090000 0.128661
3 0.590385 0.575837 0.171538 0.210251
