4 0.524715 0.796875 0.212928 0.229167
4 0.243346 0.731771 0.212928 0.192708
4 0.214829 0.841146 0.216730 0.119792
4 0.195817 0.611979 0.064639 0.161458
4 0.254753 0.611979 0.091255 0.171875
4 0.336502 0.630208 0.102662 0.197917
4 0.450570 0.671875 0.155894 0.218750
4 0.562738 0.638021 0.129278 0.223958
4 0.735741 0.684896 0.171103 0.203125
4 0.760456 0.835938 0.212928 0.140625
4 0.914449 0.697917 0.171103 0.135417
4 0.916350 0.828125 0.159696 0.187500
4 0.813688 0.447917 0.243346 0.156250
4 0.851711 0.317708 0.281369 0.197917
4 0.475285 0.419271 0.205323 0.192708
