3 0.853077 0.689979 0.093846 0.077244
3 0.900385 0.767745 0.093077 0.117954
3 0.627308 0.490084 0.168462 0.353862
3 0.608846 0.688413 0.080769 0.155532
3 0.676923 0.759916 0.083077 0.283925
3 0.085385 0.120042 0.096923 0.189979
3 0.210769 0.082985 0.200000 0.163883
3 0.285769 0.103340 0.206923 0.192067
3 0.318077 0.573069 0.053077 0.133612
3 0.377308 0.550626 0.093077 0.153445
3 0.203462 0.741127 0.099231 0.219207
3 0.230769 0.493215 0.096923 0.226514
3 0.348077 0.238518 0.634615 0.224426
3 0.520000 0.114823 0.207692 0.227557
3 0.641538 0.073069 0.127692 0.144050
3 0.418846 0.446242 0.111538 0.107516
3 0.355000 0.655010 0.114615 0.094990
3 0.338077 0.758873 0.100769 0.098121
3 0.524615 0.724948 0.115385 0.111691
