3 0.282500 0.821348 0.080000 0.110112
3 0.410000 0.966292 0.075000 0.067416
3 0.471875 0.957303 0.066250 0.076404
3 0.425000 0.788764 0.112500 0.121348
3 0.055000 0.447191 0.107500 0.161798
3 0.288750 0.082022 0.137500 0.159551
3 0.613125 0.862921 0.063750 0.080899
3 0.689375 0.900000 0.076250 0.087640
3 0.670625 0.205618 0.051250 0.074157
3 0.706250 0.257303 0.052500 0.069663
3 0.745625 0.189888 0.046250 0.083146
3 0.202500 0.289888 0.120000 0.085393
3 0.392500 0.574157 0.092500 0.137079
3 0.401875 0.453933 0.103750 0.134831
3 0.468125 0.328090 0.041250 0.058427
3 0.062500 0.141573 0.052500 0.071910
3 0.087500 0.103371 0.037500 0.044944
3 0.108750 0.138202 0.042500 0.056180
3 0.145000 0.129213 0.040000 0.060674
3 0.180000 0.168539 0.042500 0.076404
3 0.104375 0.833708 0.113750 0.224719
3 0.718125 0.061798 0.073750 0.110112
3 0.405625 0.086517 0.076250 0.110112
3 0.779375 0.100000 0.043750 0.065169
3 0.813750 0.142697 0.050000 0.074157
