5 0.462646 0.547852 0.131348 0.343099
5 0.636230 0.602214 0.115234 0.453125
5 0.747070 0.364583 0.133789 0.290365
5 0.919189 0.540039 0.161621 0.190755
5 0.866211 0.659505 0.206055 0.299479
5 0.773926 0.910807 0.266602 0.178385
5 0.550293 0.939453 0.329102 0.121094
5 0.069824 0.805339 0.138672 0.166667
5 0.106201 0.710938 0.211426 0.221354
5 0.278564 0.744466 0.244629 0.202474
5 0.225830 0.875326 0.389160 0.181641
5 0.354248 0.468750 0.205566 0.141927
5 0.287109 0.333008 0.208008 0.159505
5 0.051514 0.523112 0.102051 0.233724
5 0.233398 0.223958 0.251953 0.139323
5 0.429199 0.251302 0.202148 0.140625
5 0.531006 0.194987 0.271973 0.201172
5 0.596924 0.123698 0.296387 0.246094
5 0.805664 0.252930 0.189453 0.172526
5 0.815674 0.161458 0.146973 0.187500
5 0.079834 0.250651 0.158691 0.134115
5 0.073975 0.074219 0.146973 0.125000
5 0.231934 0.111003 0.105469 0.220703
