5 0.462891 0.825385 0.095703 0.204615
5 0.520508 0.559231 0.132812 0.229231
5 0.551270 0.648462 0.088867 0.220000
5 0.644043 0.549231 0.137695 0.086154
5 0.772461 0.493846 0.160156 0.107692
5 0.780273 0.578462 0.126953 0.153846
5 0.810547 0.642308 0.119141 0.167692
5 0.876465 0.635385 0.055664 0.098462
5 0.919922 0.610769 0.076172 0.138462
5 0.904785 0.897692 0.190430 0.195385
5 0.651367 0.759231 0.095703 0.133846
5 0.539551 0.312308 0.114258 0.153846
5 0.610352 0.230000 0.130859 0.087692
5 0.687500 0.246154 0.154297 0.089231
5 0.685547 0.303846 0.132812 0.084615
5 0.824219 0.280000 0.148438 0.083077
5 0.896973 0.337692 0.153320 0.130769
5 0.609863 0.401538 0.145508 0.153846
5 0.705566 0.460000 0.157227 0.132308
5 0.558594 0.174615 0.113281 0.087692
5 0.580566 0.100769 0.100586 0.069231
5 0.438965 0.226154 0.075195 0.095385
5 0.868164 0.532308 0.058594 0.089231
5 0.970703 0.430769 0.058594 0.076923
5 0.931641 0.765385 0.136719 0.204615
5 0.657715 0.841538 0.124023 0.123077
5 0.736816 0.816154 0.071289 0.167692
5 0.693848 0.684615 0.122070 0.092308
5 0.787598 0.827692 0.081055 0.129231
