3 0.131250 0.361321 0.162500 0.194340
3 0.081250 0.791509 0.160000 0.330189
3 0.574375 0.860377 0.303750 0.279245
3 0.655625 0.726415 0.151250 0.215094
3 0.225625 0.548113 0.296250 0.390566
3 0.372500 0.600000 0.157500 0.313208
3 0.280625 0.162264 0.361250 0.252830
3 0.471250 0.051887 0.157500 0.100000
3 0.660625 0.137736 0.296250 0.196226
3 0.842500 0.250943 0.285000 0.158491
3 0.896875 0.356604 0.206250 0.218868
3 0.948125 0.468868 0.103750 0.092453
3 0.796875 0.497170 0.298750 0.277358
3 0.499375 0.421698 0.131250 0.130189
3 0.497500 0.572642 0.172500 0.262264
3 0.810625 0.856604 0.201250 0.181132
3 0.863125 0.696226 0.111250 0.090566
3 0.961875 0.776415 0.076250 0.300000
3 0.034375 0.367925 0.041250 0.041509
3 0.243125 0.454717 0.036250 0.041509
3 0.697500 0.501887 0.032500 0.037736
3 0.682500 0.457547 0.035000 0.039623
3 0.719375 0.474528 0.028750 0.039623
3 0.743750 0.491509 0.025000 0.039623
3 0.771250 0.376415 0.025000 0.032075
3 0.451250 0.486792 0.035000 0.037736
3 0.550000 0.537736 0.027500 0.033962
3 0.565000 0.500943 0.027500 0.039623
3 0.762500 0.933019 0.032500 0.047170
3 0.743750 0.551887 0.022500 0.035849
3 0.800000 0.516981 0.030000 0.037736
3 0.761250 0.461321 0.025000 0.035849
3 0.780625 0.436792 0.021250 0.032075
3 0.784375 0.471698 0.023750 0.037736
3 0.638750 0.477358 0.030000 0.049057
3 0.596250 0.503774 0.027500 0.045283
3 0.563125 0.502830 0.026250 0.032075
