5 0.214545 0.797814 0.145455 0.404372
5 0.389091 0.860656 0.167273 0.267760
5 0.581818 0.811475 0.152727 0.377049
5 0.692727 0.863388 0.149091 0.273224
5 0.843636 0.874317 0.145455 0.251366
5 0.474545 0.773224 0.156364 0.453552
5 0.112727 0.849727 0.160000 0.300546
5 0.109091 0.732240 0.152727 0.393443
5 0.740000 0.734973 0.134545 0.387978
5 0.830909 0.693989 0.105455 0.393443
5 0.905455 0.811475 0.094545 0.322404
5 0.954545 0.631148 0.090909 0.344262
5 0.563636 0.565574 0.123636 0.169399
5 0.398182 0.497268 0.105455 0.262295
5 0.223636 0.568306 0.098182 0.327869
5 0.154545 0.581967 0.098182 0.278689
5 0.067273 0.483607 0.090909 0.377049
5 0.494545 0.557377 0.080000 0.306011
5 0.714545 0.579235 0.127273 0.349727
