3 0.166667 0.702312 0.106529 0.167630
3 0.204467 0.580925 0.079038 0.109827
3 0.128866 0.511561 0.058419 0.063584
3 0.139175 0.563584 0.037801 0.063584
3 0.044674 0.572254 0.075601 0.127168
3 0.297251 0.372832 0.051546 0.063584
3 0.314433 0.404624 0.037801 0.057803
3 0.364261 0.502890 0.054983 0.080925
3 0.317869 0.578035 0.051546 0.069364
3 0.487973 0.485549 0.041237 0.069364
3 0.630584 0.433526 0.065292 0.080925
3 0.658076 0.465318 0.037801 0.063584
3 0.671821 0.653179 0.037801 0.057803
3 0.695876 0.566474 0.044674 0.057803
3 0.180412 0.378613 0.051546 0.075145
3 0.396907 0.358382 0.044674 0.057803
3 0.060137 0.361272 0.113402 0.121387
3 0.603093 0.843931 0.388316 0.277457
3 0.297251 0.667630 0.072165 0.132948
