3 0.149718 0.329825 0.118644 0.133333
3 0.228814 0.349123 0.084746 0.143860
3 0.316384 0.361404 0.090395 0.161404
3 0.426554 0.377193 0.129944 0.150877
3 0.062147 0.459649 0.112994 0.161404
3 0.152542 0.487719 0.112994 0.154386
3 0.257062 0.512281 0.096045 0.154386
3 0.350282 0.519298 0.112994 0.161404
3 0.612994 0.433333 0.209040 0.368421
3 0.779661 0.457895 0.282486 0.368421
3 0.098870 0.775439 0.175141 0.315789
3 0.274011 0.771930 0.209040 0.210526
3 0.497175 0.798246 0.259887 0.270175
3 0.745763 0.814035 0.214689 0.252632
3 0.903955 0.821053 0.192090 0.210526
3 0.864407 0.066667 0.079096 0.098246
3 0.932203 0.063158 0.101695 0.105263
3 0.847458 0.150877 0.112994 0.112281
3 0.926554 0.191228 0.101695 0.115789
