2 0.477692 0.582564 0.164615 0.197460
2 0.401154 0.464781 0.145385 0.199769
2 0.614231 0.670323 0.199231 0.296767
2 0.696923 0.781178 0.223077 0.340647
2 0.818462 0.867206 0.189231 0.265589
2 0.899231 0.892032 0.201538 0.209007
2 0.605385 0.939376 0.207692 0.121247
2 0.433846 0.928984 0.181538 0.142032
2 0.521923 0.821594 0.165385 0.195150
2 0.361538 0.752887 0.240000 0.281755
2 0.236923 0.596998 0.212308 0.226328
2 0.127308 0.706120 0.157692 0.211316
2 0.078846 0.603926 0.156154 0.187067
2 0.094231 0.428984 0.186923 0.310624
2 0.132692 0.270785 0.177692 0.232102
2 0.175000 0.878753 0.133077 0.200924
2 0.269231 0.945150 0.095385 0.109700
