3 0.258163 0.372449 0.155102 0.324490
3 0.447959 0.515306 0.195918 0.483673
3 0.559694 0.836735 0.168367 0.265306
3 0.634184 0.329592 0.223469 0.373469
3 0.389286 0.170408 0.274490 0.246939
3 0.246939 0.070408 0.046939 0.136735
3 0.045408 0.340816 0.084694 0.179592
3 0.265306 0.711224 0.065306 0.128571
3 0.168878 0.220408 0.074490 0.130612
3 0.203061 0.133673 0.067347 0.140816
3 0.354592 0.841837 0.074490 0.148980
3 0.768878 0.242857 0.066327 0.126531
3 0.795408 0.060204 0.115306 0.116327
3 0.900510 0.135714 0.101020 0.144898
3 0.893367 0.325510 0.115306 0.263265
3 0.951020 0.407143 0.097959 0.300000
3 0.760714 0.524490 0.127551 0.232653
3 0.883163 0.868367 0.233673 0.263265
