3 0.313077 0.829480 0.150769 0.290173
3 0.406538 0.700578 0.106923 0.145665
3 0.534615 0.506358 0.124615 0.231214
3 0.541538 0.629480 0.078462 0.086705
3 0.721154 0.660694 0.143846 0.144509
3 0.713077 0.832370 0.090769 0.124855
3 0.758077 0.667630 0.085385 0.139884
3 0.789615 0.465896 0.059231 0.064740
3 0.752308 0.346821 0.124615 0.136416
3 0.643846 0.386127 0.078462 0.110983
3 0.403846 0.219075 0.107692 0.126012
3 0.565385 0.346243 0.080000 0.112139
3 0.125385 0.375145 0.206154 0.292486
3 0.185385 0.574566 0.053846 0.124855
3 0.234615 0.141040 0.129231 0.194220
3 0.291923 0.297688 0.122308 0.146821
3 0.326538 0.134104 0.082308 0.124855
3 0.495385 0.098266 0.176923 0.157225
3 0.635385 0.291908 0.070769 0.137572
3 0.812308 0.204624 0.183077 0.159538
3 0.580000 0.821387 0.127692 0.135260
3 0.101923 0.647399 0.185385 0.217341
3 0.119615 0.900000 0.237692 0.200000
