1 0.666667 0.869048 0.120000 0.119048
1 0.500000 0.883929 0.093333 0.065476
1 0.750000 0.660714 0.066667 0.119048
1 0.775000 0.952381 0.103333 0.095238
1 0.353333 0.827381 0.120000 0.083333
1 0.248333 0.806548 0.063333 0.077381
1 0.300000 0.961310 0.073333 0.077381
1 0.215000 0.895833 0.076667 0.065476
1 0.483333 0.779762 0.086667 0.095238
1 0.446667 0.699405 0.053333 0.077381
1 0.486667 0.699405 0.053333 0.101190
1 0.545000 0.675595 0.096667 0.125000
1 0.073333 0.904762 0.080000 0.071429
1 0.125000 0.767857 0.083333 0.095238
1 0.225000 0.741071 0.050000 0.053571
1 0.256667 0.702381 0.053333 0.047619
