2 0.622222 0.668889 0.391111 0.422222
2 0.811111 0.686667 0.377778 0.324444
2 0.864444 0.866667 0.271111 0.213333
2 0.831111 0.484444 0.337778 0.248889
2 0.848889 0.377778 0.302222 0.160000
2 0.495556 0.404444 0.395556 0.204444
2 0.291111 0.857778 0.324444 0.240000
2 0.515556 0.931111 0.284444 0.137778
2 0.115556 0.531111 0.222222 0.182222
2 0.288889 0.597778 0.248889 0.208889
2 0.217778 0.124444 0.302222 0.160000
2 0.746667 0.095556 0.124444 0.182222
2 0.815556 0.246667 0.120000 0.146667
2 0.888889 0.280000 0.097778 0.124444
2 0.526667 0.262222 0.164444 0.160000
2 0.608889 0.113333 0.275556 0.128889
