1 0.322222 0.544444 0.102222 0.235556
1 0.393333 0.495556 0.111111 0.208889
1 0.073333 0.442222 0.120000 0.200000
1 0.680000 0.626667 0.124444 0.151111
1 0.626667 0.808889 0.106667 0.097778
1 0.946667 0.411111 0.106667 0.146667
1 0.288889 0.835556 0.142222 0.168889
1 0.220000 0.931111 0.111111 0.137778
1 0.493333 0.242222 0.133333 0.191111
1 0.557778 0.588889 0.164444 0.288889
1 0.813333 0.911111 0.213333 0.133333
1 0.228889 0.575556 0.173333 0.120000
1 0.540000 0.895556 0.155556 0.173333
1 0.282222 0.233333 0.208889 0.137778
1 0.808889 0.464444 0.204444 0.120000
1 0.837778 0.742222 0.182222 0.151111
1 0.942222 0.611111 0.115556 0.120000
