2 0.481481 0.344118 0.168350 0.147059
2 0.493266 0.438235 0.178451 0.147059
2 0.449495 0.535294 0.232323 0.188235
2 0.629630 0.629412 0.202020 0.164706
2 0.242424 0.832353 0.148148 0.241176
2 0.161616 0.452941 0.255892 0.152941
2 0.089226 0.332353 0.171717 0.241176
2 0.252525 0.617647 0.087542 0.235294
2 0.363636 0.735294 0.215488 0.129412
2 0.582492 0.861765 0.296296 0.182353
2 0.861953 0.805882 0.188552 0.188235
2 0.474747 0.223529 0.168350 0.164706
2 0.824916 0.370588 0.114478 0.176471
2 0.878788 0.564706 0.080808 0.129412
