5 0.728333 0.800595 0.210000 0.375000
5 0.556667 0.767857 0.193333 0.321429
5 0.668333 0.654762 0.096667 0.333333
5 0.310000 0.770833 0.273333 0.303571
5 0.086667 0.717262 0.120000 0.291667
5 0.093333 0.380952 0.180000 0.309524
5 0.310000 0.502976 0.246667 0.172619
5 0.545000 0.452381 0.243333 0.309524
5 0.896667 0.309524 0.206667 0.166667
5 0.910000 0.098214 0.180000 0.184524
5 0.466667 0.107143 0.140000 0.202381
5 0.193333 0.145833 0.160000 0.255952
5 0.901667 0.818452 0.196667 0.220238
5 0.273333 0.901786 0.106667 0.184524
