4 0.103774 0.622642 0.106918 0.163522
4 0.088050 0.761006 0.088050 0.163522
4 0.149371 0.786164 0.072327 0.163522
4 0.237421 0.814465 0.122642 0.169811
4 0.358491 0.858491 0.113208 0.169811
4 0.487421 0.915094 0.081761 0.157233
4 0.564465 0.943396 0.078616 0.113208
4 0.654088 0.883648 0.088050 0.157233
4 0.669811 0.792453 0.088050 0.138365
4 0.734277 0.795597 0.078616 0.157233
4 0.790881 0.726415 0.097484 0.182390
4 0.916667 0.707547 0.103774 0.157233
4 0.949686 0.606918 0.081761 0.157233
4 0.177673 0.588050 0.116352 0.182390
4 0.289308 0.512579 0.132075 0.157233
4 0.400943 0.776730 0.103774 0.245283
4 0.509434 0.754717 0.075472 0.150943
4 0.781447 0.578616 0.097484 0.176101
4 0.836478 0.540881 0.075472 0.188679
4 0.314465 0.745283 0.106918 0.157233
4 0.682390 0.635220 0.075472 0.125786
4 0.594340 0.757862 0.069182 0.169811
