2 0.326255 0.443299 0.243243 0.278351
2 0.484556 0.322165 0.181467 0.149485
2 0.633205 0.399485 0.223938 0.190722
2 0.162162 0.765464 0.231660 0.324742
2 0.335907 0.860825 0.239382 0.278351
2 0.501931 0.922680 0.301158 0.154639
2 0.629344 0.860825 0.254826 0.278351
2 0.789575 0.932990 0.258687 0.134021
2 0.872587 0.878866 0.254826 0.242268
2 0.874517 0.484536 0.196911 0.164948
2 0.843629 0.306701 0.204633 0.159794
2 0.557915 0.221649 0.204633 0.134021
2 0.326255 0.237113 0.142857 0.113402
2 0.538610 0.110825 0.166023 0.108247
2 0.959459 0.180412 0.081081 0.185567
2 0.492278 0.579897 0.274131 0.128866
2 0.851351 0.141753 0.142857 0.118557
2 0.216216 0.559278 0.262548 0.293814
2 0.223938 0.252577 0.123552 0.103093
2 0.426641 0.082474 0.127413 0.113402
2 0.306950 0.082474 0.142857 0.154639
