2 0.622568 0.579082 0.396887 0.392857
2 0.387160 0.742347 0.159533 0.209184
2 0.099222 0.790816 0.182879 0.214286
2 0.268482 0.941327 0.147860 0.117347
2 0.433852 0.908163 0.182879 0.183673
2 0.702335 0.836735 0.322957 0.265306
2 0.821012 0.538265 0.155642 0.321429
2 0.309339 0.298469 0.097276 0.127551
2 0.169261 0.275510 0.284047 0.234694
2 0.198444 0.155612 0.241245 0.209184
2 0.414397 0.283163 0.136187 0.198980
2 0.630350 0.308673 0.132296 0.168367
2 0.426070 0.056122 0.307393 0.102041
2 0.585603 0.114796 0.128405 0.147959
2 0.719844 0.270408 0.342412 0.336735
2 0.920233 0.798469 0.159533 0.290816
2 0.264591 0.528061 0.521401 0.321429
