4 0.353333 0.770833 0.146667 0.351190
4 0.455000 0.806548 0.130000 0.339286
4 0.631667 0.815476 0.236667 0.226190
4 0.791667 0.839286 0.190000 0.297619
4 0.871667 0.770833 0.190000 0.315476
4 0.945000 0.681548 0.110000 0.327381
4 0.953333 0.482143 0.093333 0.250000
4 0.771667 0.375000 0.116667 0.345238
4 0.828333 0.285714 0.163333 0.285714
4 0.675000 0.511905 0.203333 0.250000
4 0.443333 0.419643 0.160000 0.315476
4 0.300000 0.571429 0.126667 0.297619
4 0.601667 0.229167 0.150000 0.327381
4 0.550000 0.443452 0.160000 0.232143
4 0.405000 0.312500 0.143333 0.279762
4 0.718333 0.175595 0.116667 0.172619
4 0.175000 0.375000 0.343333 0.654762
