3 0.146154 0.319415 0.290769 0.392484
3 0.306538 0.385177 0.099231 0.141962
3 0.429615 0.303758 0.171538 0.267223
3 0.527308 0.580898 0.179231 0.470772
3 0.261923 0.553236 0.454615 0.321503
3 0.193846 0.732255 0.378462 0.236952
3 0.406923 0.713987 0.321538 0.411273
3 0.572692 0.381524 0.150000 0.145094
3 0.697692 0.506263 0.069231 0.083507
3 0.726538 0.642484 0.073077 0.059499
3 0.761154 0.583507 0.036154 0.098121
3 0.797692 0.595511 0.047692 0.092902
3 0.767692 0.717641 0.053846 0.088727
3 0.795385 0.683716 0.064615 0.066806
3 0.813846 0.732777 0.063077 0.070981
3 0.776923 0.822025 0.073846 0.090814
3 0.770385 0.881002 0.283846 0.058455
3 0.931923 0.657098 0.136154 0.487474
3 0.817692 0.274008 0.320000 0.385177
3 0.575000 0.119520 0.300769 0.236952
3 0.346923 0.035491 0.183077 0.068894
