3 0.111888 0.647727 0.209790 0.295455
3 0.276224 0.670455 0.181818 0.272727
3 0.407343 0.761364 0.248252 0.397727
3 0.620629 0.715909 0.220280 0.318182
3 0.781469 0.613636 0.241259 0.386364
3 0.674825 0.400568 0.181818 0.244318
3 0.564685 0.514205 0.206294 0.198864
3 0.384615 0.542614 0.209790 0.278409
3 0.092657 0.312500 0.094406 0.147727
3 0.117133 0.431818 0.115385 0.170455
3 0.169580 0.312500 0.108392 0.204545
3 0.253497 0.355114 0.101399 0.130682
3 0.216783 0.485795 0.097902 0.153409
3 0.253497 0.238636 0.094406 0.147727
3 0.300699 0.198864 0.076923 0.147727
3 0.430070 0.198864 0.230769 0.306818
3 0.512238 0.355114 0.234266 0.164773
3 0.937063 0.849432 0.125874 0.301136
3 0.673077 0.900568 0.416084 0.198864
3 0.933566 0.508523 0.132867 0.437500
3 0.685315 0.196023 0.384615 0.380682
