1 0.232558 0.449102 0.079734 0.119760
1 0.305648 0.514970 0.093023 0.131737
1 0.235880 0.622754 0.106312 0.155689
1 0.338870 0.703593 0.152824 0.221557
1 0.483389 0.580838 0.129568 0.155689
1 0.405316 0.407186 0.066445 0.107784
1 0.523256 0.404192 0.083056 0.161677
1 0.574751 0.685629 0.126246 0.197605
1 0.715947 0.601796 0.109635 0.305389
1 0.867110 0.458084 0.099668 0.185629
1 0.966777 0.676647 0.066445 0.179641
1 0.642857 0.323353 0.129568 0.215569
1 0.867110 0.185629 0.079734 0.131737
1 0.965116 0.428144 0.069767 0.173653
