2 0.291506 0.458763 0.196911 0.247423
2 0.370656 0.250000 0.216216 0.211340
2 0.546332 0.327320 0.173745 0.221649
2 0.519305 0.175258 0.189189 0.195876
2 0.683398 0.201031 0.200772 0.226804
2 0.706564 0.384021 0.177606 0.231959
2 0.461390 0.755155 0.243243 0.293814
2 0.247104 0.682990 0.208494 0.283505
2 0.110039 0.868557 0.212355 0.221649
2 0.140927 0.567010 0.150579 0.216495
2 0.633205 0.840206 0.193050 0.237113
2 0.737452 0.762887 0.208494 0.268041
2 0.857143 0.685567 0.216216 0.278351
2 0.822394 0.342784 0.162162 0.231959
2 0.953668 0.386598 0.084942 0.195876
2 0.812741 0.541237 0.181467 0.185567
