3 0.677778 0.441026 0.274074 0.287179
3 0.287037 0.651282 0.566667 0.543590
3 0.183333 0.276923 0.359259 0.543590
3 0.496296 0.197436 0.177778 0.384615
3 0.318519 0.323077 0.177778 0.164103
3 0.344444 0.174359 0.051852 0.051282
3 0.385185 0.194872 0.051852 0.071795
3 0.355556 0.807692 0.237037 0.230769
3 0.840741 0.128205 0.185185 0.246154
3 0.803704 0.315385 0.059259 0.076923
3 0.792593 0.384615 0.059259 0.071795
3 0.842593 0.535897 0.166667 0.189744
3 0.875926 0.371795 0.196296 0.302564
3 0.657407 0.189744 0.211111 0.297436
