3 0.343558 0.813996 0.100613 0.125230
3 0.315337 0.865562 0.085890 0.132597
3 0.139264 0.834254 0.062577 0.084715
3 0.060123 0.825967 0.085890 0.130755
3 0.117791 0.968692 0.044172 0.062615
3 0.153374 0.976059 0.049080 0.047882
3 0.319632 0.962247 0.119018 0.075506
3 0.214110 0.764273 0.069939 0.081031
3 0.192638 0.702578 0.071166 0.068140
3 0.113497 0.663904 0.087117 0.068140
3 0.157055 0.656538 0.132515 0.112339
3 0.317178 0.730203 0.094479 0.079190
3 0.196319 0.835175 0.073620 0.071823
3 0.465031 0.792818 0.063804 0.071823
3 0.523313 0.947514 0.089571 0.104972
3 0.444785 0.965009 0.040491 0.058932
3 0.448466 0.926335 0.065031 0.095764
3 0.489571 0.901473 0.044172 0.082873
3 0.654601 0.871087 0.074847 0.099448
3 0.657055 0.928177 0.094479 0.073665
3 0.695706 0.976059 0.068712 0.047882
3 0.737423 0.902394 0.034356 0.036832
3 0.738037 0.927256 0.052761 0.034991
3 0.770552 0.960405 0.039264 0.060773
3 0.820245 0.809392 0.072393 0.079190
3 0.824540 0.886740 0.034356 0.034991
3 0.811656 0.908840 0.028221 0.027624
3 0.828834 0.932781 0.023313 0.038674
3 0.813497 0.975138 0.034356 0.049724
3 0.657055 0.710866 0.052761 0.055249
3 0.629448 0.737569 0.063804 0.068140
3 0.552147 0.801105 0.053988 0.062615
3 0.558896 0.864641 0.052761 0.079190
3 0.842945 0.607735 0.044172 0.058932
3 0.811043 0.647330 0.056442 0.060773
3 0.744785 0.692449 0.058896 0.047882
3 0.718405 0.835175 0.038037 0.057090
3 0.739877 0.850829 0.031902 0.055249
3 0.669325 0.613260 0.030675 0.047882
3 0.857669 0.556169 0.044172 0.062615
3 0.857055 0.702578 0.028221 0.034991
3 0.866871 0.728361 0.025767 0.046041
3 0.909816 0.443831 0.035583 0.051565
3 0.841718 0.505525 0.046626 0.046041
3 0.901840 0.512891 0.031902 0.046041
3 0.931288 0.514733 0.034356 0.042357
3 0.734969 0.616943 0.051534 0.069982
3 0.685890 0.758748 0.044172 0.044199
3 0.714110 0.785451 0.031902 0.046041
3 0.787730 0.749540 0.026994 0.036832
3 0.796319 0.451197 0.036810 0.033149
