2 0.260000 0.241294 0.312000 0.442786
2 0.458000 0.288557 0.484000 0.248756
2 0.734000 0.181592 0.324000 0.164179
2 0.902000 0.703980 0.180000 0.303483
2 0.416000 0.689055 0.200000 0.213930
2 0.546000 0.728856 0.132000 0.164179
2 0.382000 0.843284 0.260000 0.194030
2 0.100000 0.669154 0.184000 0.134328
2 0.724000 0.611940 0.208000 0.149254
2 0.882000 0.333333 0.116000 0.119403
2 0.592000 0.440299 0.392000 0.283582
2 0.948000 0.261194 0.096000 0.134328
2 0.086000 0.524876 0.148000 0.174129
2 0.108000 0.763682 0.176000 0.194030
2 0.320000 0.721393 0.120000 0.179104
