2 0.487273 0.497273 0.120000 0.307273
2 0.301818 0.441818 0.083636 0.181818
2 0.364545 0.601818 0.220000 0.229091
2 0.740000 0.621818 0.247273 0.272727
2 0.627273 0.431818 0.272727 0.110909
2 0.683636 0.364545 0.134545 0.045455
2 0.830000 0.403636 0.176364 0.087273
2 0.820909 0.190000 0.136364 0.060000
2 0.922727 0.269091 0.154545 0.149091
2 0.820000 0.131818 0.141818 0.136364
2 0.121818 0.788182 0.101818 0.238182
2 0.382727 0.848182 0.092727 0.121818
2 0.432727 0.728182 0.203636 0.140000
2 0.816364 0.855455 0.065455 0.114545
2 0.713636 0.760000 0.089091 0.109091
2 0.486364 0.118182 0.285455 0.181818
2 0.116364 0.097273 0.196364 0.052727
2 0.121818 0.152727 0.229091 0.061818
2 0.096364 0.323636 0.109091 0.247273
2 0.080000 0.555455 0.156364 0.078182
2 0.128182 0.774545 0.252727 0.090909
2 0.484545 0.290909 0.187273 0.163636
2 0.213636 0.232727 0.172727 0.127273
