5 0.397813 0.344589 0.074375 0.225108
5 0.149375 0.539827 0.131250 0.347186
5 0.171250 0.748485 0.265000 0.151515
5 0.793438 0.621212 0.248125 0.281385
5 0.835313 0.716883 0.305625 0.164502
5 0.266250 0.109091 0.103750 0.167965
5 0.186562 0.172294 0.081875 0.159307
5 0.268125 0.197835 0.120000 0.111688
5 0.199063 0.590909 0.061875 0.144589
5 0.280000 0.623377 0.148750 0.107359
5 0.050000 0.567532 0.098750 0.219048
5 0.171875 0.351082 0.127500 0.122078
5 0.065312 0.358874 0.108125 0.116883
5 0.365312 0.583983 0.074375 0.231169
5 0.733437 0.837662 0.201875 0.177489
5 0.810312 0.182251 0.253125 0.142857
5 0.752500 0.115152 0.146250 0.093506
5 0.802500 0.276623 0.050000 0.213853
5 0.878750 0.313420 0.075000 0.138528
5 0.536563 0.158874 0.229375 0.236364
