3 0.319182 0.710692 0.135220 0.251572
3 0.413522 0.644654 0.084906 0.119497
3 0.424528 0.742138 0.081761 0.113208
3 0.411950 0.553459 0.169811 0.088050
3 0.407233 0.481132 0.166667 0.094340
3 0.394654 0.386792 0.135220 0.119497
3 0.084906 0.732704 0.163522 0.320755
3 0.844340 0.864780 0.066038 0.106918
3 0.874214 0.805031 0.062893 0.113208
3 0.910377 0.704403 0.066038 0.100629
3 0.949686 0.622642 0.075472 0.113208
3 0.650943 0.522013 0.075472 0.113208
3 0.693396 0.591195 0.059748 0.088050
3 0.778302 0.427673 0.066038 0.100629
3 0.163522 0.091195 0.157233 0.169811
3 0.400943 0.157233 0.172956 0.226415
3 0.650943 0.100629 0.113208 0.188679
3 0.658805 0.311321 0.172956 0.257862
3 0.713836 0.295597 0.119497 0.150943
3 0.932390 0.314465 0.053459 0.088050
3 0.683962 0.883648 0.147799 0.194969
