3 0.599490 0.657588 0.321429 0.225681
3 0.762755 0.838521 0.474490 0.260700
3 0.288265 0.974708 0.066327 0.042802
3 0.385204 0.935798 0.076531 0.050584
3 0.436224 0.949416 0.056122 0.038911
3 0.505102 0.978599 0.061224 0.035019
3 0.517857 0.464981 0.076531 0.050584
3 0.750000 0.620623 0.500000 0.315175
3 0.744898 0.324903 0.510204 0.284047
3 0.780612 0.130350 0.438776 0.252918
3 0.423469 0.070039 0.061224 0.038911
3 0.454082 0.134241 0.071429 0.050584
3 0.431122 0.192607 0.056122 0.042802
3 0.469388 0.254864 0.051020 0.050584
3 0.420918 0.305447 0.066327 0.058366
