2 0.224444 0.864444 0.200000 0.155556
2 0.402222 0.822222 0.208889 0.204444
2 0.422222 0.942222 0.177778 0.115556
2 0.828889 0.851111 0.120000 0.093333
2 0.822222 0.931111 0.204444 0.137778
2 0.100000 0.593333 0.093333 0.093333
2 0.177778 0.597778 0.106667 0.084444
2 0.295556 0.606667 0.093333 0.084444
2 0.144444 0.811111 0.120000 0.146667
2 0.391111 0.508889 0.080000 0.075556
2 0.213333 0.408889 0.097778 0.080000
2 0.611111 0.462222 0.102222 0.088889
2 0.533333 0.335556 0.080000 0.075556
2 0.251111 0.277778 0.102222 0.075556
2 0.684444 0.431111 0.080000 0.080000
2 0.706667 0.584444 0.097778 0.084444
2 0.231111 0.488889 0.080000 0.071111
2 0.875556 0.724444 0.106667 0.088889
2 0.953333 0.735556 0.093333 0.111111
2 0.360000 0.137778 0.080000 0.080000
2 0.422222 0.340000 0.080000 0.084444
2 0.677778 0.182222 0.075556 0.062222
