5 0.230385 0.543933 0.276154 0.305439
5 0.370385 0.257322 0.242308 0.317992
5 0.371538 0.080021 0.301538 0.132845
5 0.583077 0.099895 0.133846 0.197699
5 0.741154 0.204498 0.145385 0.350418
5 0.849231 0.326360 0.201538 0.343096
5 0.838077 0.098849 0.214615 0.195607
5 0.915769 0.612448 0.166923 0.402720
5 0.738846 0.683577 0.216154 0.302301
5 0.701538 0.371339 0.196923 0.290795
5 0.412692 0.756799 0.154615 0.304393
5 0.603077 0.690377 0.167692 0.435146
5 0.203846 0.748431 0.183077 0.312762
5 0.430769 0.559100 0.361538 0.645397
5 0.140385 0.303870 0.279231 0.417364
