1 0.348333 0.651786 0.150000 0.089286
1 0.275000 0.761905 0.070000 0.095238
1 0.388333 0.866071 0.103333 0.113095
1 0.490000 0.791667 0.120000 0.166667
1 0.586667 0.833333 0.106667 0.166667
1 0.575000 0.702381 0.083333 0.095238
1 0.131667 0.806548 0.096667 0.101190
1 0.220000 0.526786 0.066667 0.125000
1 0.380000 0.494048 0.066667 0.095238
1 0.438333 0.476190 0.056667 0.095238
1 0.771667 0.714286 0.056667 0.071429
1 0.810000 0.761905 0.066667 0.083333
1 0.861667 0.809524 0.070000 0.095238
1 0.960000 0.845238 0.080000 0.154762
1 0.678333 0.625000 0.090000 0.071429
1 0.713333 0.583333 0.073333 0.071429
1 0.591667 0.500000 0.063333 0.119048
1 0.641667 0.404762 0.110000 0.107143
1 0.808333 0.467262 0.123333 0.077381
1 0.851667 0.532738 0.090000 0.077381
1 0.728333 0.812500 0.063333 0.101190
1 0.943333 0.446429 0.113333 0.107143
1 0.940000 0.491071 0.080000 0.053571
1 0.951667 0.577381 0.090000 0.083333
1 0.368333 0.333333 0.050000 0.083333
1 0.280000 0.232143 0.106667 0.107143
1 0.771667 0.357143 0.090000 0.071429
1 0.901667 0.250000 0.096667 0.095238
1 0.891667 0.372024 0.063333 0.113095
1 0.520000 0.479167 0.066667 0.065476
1 0.526667 0.541667 0.053333 0.047619
