2 0.097000 0.536145 0.190000 0.656627
2 0.132000 0.903614 0.156000 0.192771
2 0.253000 0.789157 0.206000 0.204819
2 0.456000 0.686747 0.164000 0.253012
2 0.542000 0.891566 0.228000 0.204819
2 0.660000 0.829819 0.216000 0.340361
2 0.760000 0.700301 0.124000 0.213855
2 0.805000 0.484940 0.170000 0.289157
2 0.650000 0.462349 0.172000 0.304217
2 0.742000 0.094880 0.416000 0.177711
2 0.883000 0.402108 0.234000 0.322289
2 0.902000 0.260542 0.128000 0.153614
2 0.935000 0.156627 0.130000 0.210843
2 0.895000 0.686747 0.126000 0.162651
2 0.940000 0.923193 0.120000 0.153614
