3 0.248500 0.781333 0.141000 0.200000
3 0.269500 0.598000 0.141000 0.169333
3 0.274500 0.480000 0.153000 0.149333
3 0.346000 0.640000 0.116000 0.144000
3 0.427500 0.754000 0.141000 0.158667
3 0.335500 0.884667 0.137000 0.158667
3 0.471000 0.886667 0.160000 0.192000
3 0.635000 0.916000 0.148000 0.160000
3 0.538000 0.722000 0.142000 0.150667
3 0.474500 0.602667 0.155000 0.152000
3 0.659500 0.658667 0.181000 0.224000
3 0.693000 0.776000 0.148000 0.181333
3 0.851000 0.753333 0.262000 0.402667
3 0.829000 0.956667 0.152000 0.086667
3 0.765000 0.519333 0.144000 0.158667
3 0.662500 0.511333 0.117000 0.113333
3 0.599000 0.554000 0.144000 0.161333
3 0.495000 0.368667 0.138000 0.150667
3 0.401500 0.366000 0.117000 0.137333
3 0.376500 0.308667 0.113000 0.097333
3 0.260500 0.329333 0.311000 0.304000
3 0.126000 0.557333 0.114000 0.122667
3 0.189000 0.610667 0.108000 0.138667
3 0.138500 0.728000 0.105000 0.141333
3 0.044500 0.749333 0.087000 0.165333
3 0.168500 0.881333 0.281000 0.237333
3 0.044500 0.560667 0.079000 0.132000
3 0.098500 0.448667 0.103000 0.118667
3 0.390500 0.195333 0.111000 0.132000
3 0.476000 0.162667 0.122000 0.112000
3 0.577000 0.302000 0.336000 0.257333
3 0.681000 0.428667 0.120000 0.124000
3 0.790000 0.399333 0.130000 0.134667
3 0.806500 0.326667 0.089000 0.093333
3 0.862000 0.522000 0.086000 0.156000
3 0.936500 0.482667 0.123000 0.128000
3 0.944500 0.609333 0.111000 0.149333
3 0.238000 0.232000 0.124000 0.130667
3 0.699000 0.192667 0.120000 0.153333
3 0.784000 0.269333 0.138000 0.138667
