2 0.325781 0.520833 0.195312 0.275000
2 0.350000 0.721875 0.268750 0.356250
2 0.546094 0.825000 0.167188 0.341667
2 0.688281 0.806250 0.210938 0.345833
2 0.871875 0.842708 0.253125 0.252083
2 0.169531 0.863542 0.282813 0.218750
2 0.145313 0.671875 0.281250 0.247917
2 0.189844 0.525000 0.173438 0.170833
2 0.324219 0.515625 0.189063 0.277083
2 0.427344 0.415625 0.132812 0.160417
2 0.567188 0.390625 0.231250 0.168750
2 0.615625 0.533333 0.253125 0.195833
2 0.703906 0.380208 0.145313 0.197917
2 0.831250 0.326042 0.193750 0.239583
2 0.936719 0.620833 0.126562 0.291667
2 0.874219 0.189583 0.176563 0.229167
2 0.671094 0.142708 0.232813 0.210417
2 0.518750 0.121875 0.156250 0.172917
2 0.385156 0.273958 0.223438 0.218750
2 0.289844 0.197917 0.248438 0.220833
2 0.082813 0.333333 0.162500 0.254167
2 0.090625 0.172917 0.178125 0.216667
