3 0.170909 0.882514 0.116364 0.158470
3 0.280000 0.934426 0.109091 0.131148
3 0.334545 0.806011 0.080000 0.092896
3 0.440000 0.765027 0.101818 0.109290
3 0.500000 0.814208 0.083636 0.109290
3 0.510909 0.762295 0.076364 0.081967
3 0.567273 0.811475 0.065455 0.103825
3 0.103636 0.797814 0.105455 0.120219
3 0.052727 0.647541 0.076364 0.092896
3 0.112727 0.704918 0.116364 0.109290
3 0.307273 0.614754 0.054545 0.060109
3 0.452727 0.590164 0.061818 0.065574
3 0.127273 0.584699 0.058182 0.065574
3 0.221818 0.584699 0.050909 0.065574
3 0.049091 0.562842 0.054545 0.054645
3 0.212727 0.510929 0.047273 0.060109
3 0.283636 0.516393 0.058182 0.060109
3 0.563636 0.516393 0.036364 0.049180
