5 0.672087 0.702410 0.216802 0.349398
5 0.835366 0.674699 0.153117 0.308434
5 0.768970 0.879518 0.063686 0.168675
5 0.494580 0.738554 0.203252 0.219277
5 0.398374 0.867470 0.276423 0.163855
5 0.170054 0.483133 0.158537 0.277108
5 0.216802 0.230120 0.121951 0.262651
5 0.101626 0.236145 0.108401 0.187952
5 0.425474 0.177108 0.197832 0.238554
5 0.675474 0.467470 0.085366 0.226506
5 0.743225 0.263855 0.210027 0.171084
5 0.821138 0.440964 0.143631 0.255422
5 0.894309 0.524096 0.113821 0.262651
5 0.094851 0.104819 0.176152 0.132530
