2 0.160232 0.850515 0.166023 0.175258
2 0.138996 0.701031 0.131274 0.134021
2 0.196911 0.636598 0.077220 0.077320
2 0.270270 0.768041 0.084942 0.134021
2 0.409266 0.899485 0.146718 0.170103
2 0.457529 0.773196 0.081081 0.134021
2 0.515444 0.894330 0.127413 0.190722
2 0.546332 0.719072 0.127413 0.097938
2 0.631274 0.623711 0.119691 0.103093
2 0.723938 0.948454 0.158301 0.103093
2 0.727799 0.850515 0.096525 0.134021
2 0.749035 0.551546 0.146718 0.154639
2 0.494208 0.317010 0.131274 0.128866
2 0.596525 0.237113 0.104247 0.113402
2 0.133205 0.559278 0.096525 0.108247
2 0.156371 0.489691 0.096525 0.082474
2 0.210425 0.386598 0.081081 0.092784
2 0.264479 0.592784 0.081081 0.123711
2 0.864865 0.510309 0.100386 0.103093
2 0.774131 0.804124 0.096525 0.092784
2 0.787645 0.376289 0.100386 0.113402
