3 0.594545 0.480874 0.141818 0.185792
3 0.445455 0.893443 0.170909 0.202186
3 0.329091 0.931694 0.090909 0.125683
3 0.056364 0.598361 0.105455 0.169399
3 0.127273 0.631148 0.109091 0.125683
3 0.234545 0.841530 0.163636 0.196721
3 0.590909 0.926230 0.163636 0.147541
3 0.714545 0.961749 0.112727 0.076503
3 0.681818 0.713115 0.243636 0.333333
3 0.669091 0.204918 0.167273 0.180328
3 0.556364 0.237705 0.123636 0.191257
3 0.707273 0.330601 0.170909 0.191257
3 0.821818 0.483607 0.138182 0.224044
3 0.316364 0.729508 0.174545 0.256831
