3 0.846552 0.080460 0.065517 0.103448
3 0.874138 0.160920 0.100000 0.114943
3 0.858621 0.272989 0.103448 0.143678
3 0.967241 0.117816 0.065517 0.097701
3 0.941379 0.198276 0.062069 0.074713
3 0.955172 0.272989 0.055172 0.109195
3 0.877586 0.043103 0.051724 0.074713
3 0.925862 0.048851 0.058621 0.086207
3 0.337931 0.413793 0.082759 0.172414
3 0.424138 0.813218 0.117241 0.143678
3 0.491379 0.859195 0.093103 0.109195
3 0.556897 0.758621 0.079310 0.137931
3 0.415517 0.583333 0.127586 0.189655
3 0.263793 0.568966 0.113793 0.367816
3 0.482759 0.212644 0.206897 0.218391
3 0.591379 0.350575 0.113793 0.160920
3 0.636207 0.531609 0.127586 0.143678
