3 0.235625 0.599437 0.128750 0.099437
3 0.348750 0.739212 0.125000 0.108818
3 0.440000 0.837711 0.187500 0.140713
3 0.613125 0.833021 0.123750 0.210131
3 0.770625 0.723265 0.143750 0.174484
3 0.796875 0.505629 0.143750 0.174484
3 0.884375 0.582552 0.106250 0.178236
3 0.876250 0.698874 0.095000 0.099437
3 0.567500 0.590056 0.112500 0.106942
3 0.247500 0.367730 0.087500 0.168856
3 0.322500 0.464353 0.130000 0.110694
3 0.391875 0.412758 0.118750 0.138837
3 0.500625 0.425891 0.083750 0.101313
3 0.097500 0.431520 0.067500 0.067542
3 0.484375 0.310507 0.081250 0.178236
3 0.688125 0.663227 0.081250 0.099437
3 0.376875 0.593809 0.136250 0.136961
