4 0.674000 0.651982 0.112000 0.105727
4 0.207000 0.438326 0.110000 0.251101
4 0.300000 0.429515 0.108000 0.145374
4 0.274000 0.264317 0.084000 0.185022
4 0.167000 0.766520 0.110000 0.149780
4 0.309000 0.680617 0.126000 0.215859
4 0.765000 0.867841 0.138000 0.167401
4 0.490000 0.927313 0.112000 0.145374
4 0.532000 0.403084 0.104000 0.189427
4 0.226000 0.889868 0.108000 0.185022
4 0.571000 0.837004 0.118000 0.237885
4 0.702000 0.559471 0.168000 0.158590
4 0.761000 0.484581 0.114000 0.167401
4 0.842000 0.581498 0.092000 0.167401
4 0.848000 0.691630 0.120000 0.114537
4 0.385000 0.301762 0.138000 0.145374
