3 0.451737 0.582051 0.247104 0.466667
3 0.584942 0.805128 0.088803 0.123077
3 0.629344 0.861538 0.077220 0.102564
3 0.708494 0.882051 0.081081 0.102564
3 0.764479 0.892308 0.069498 0.082051
3 0.795367 0.817949 0.108108 0.087179
3 0.702703 0.394872 0.115830 0.112821
3 0.716216 0.215385 0.204633 0.276923
3 0.104247 0.715385 0.200772 0.415385
3 0.204633 0.533333 0.247104 0.369231
3 0.293436 0.310256 0.138996 0.138462
3 0.113900 0.351282 0.150579 0.179487
3 0.413127 0.935897 0.223938 0.128205
3 0.538610 0.915385 0.142857 0.169231
3 0.505792 0.256410 0.169884 0.133333
3 0.451737 0.146154 0.270270 0.148718
3 0.557915 0.543590 0.150579 0.235897
3 0.857143 0.502564 0.285714 0.153846
