3 0.075000 0.813333 0.105000 0.120000
3 0.167500 0.781667 0.095000 0.123333
3 0.162500 0.958333 0.110000 0.083333
3 0.252500 0.950000 0.105000 0.100000
3 0.332500 0.903333 0.090000 0.080000
3 0.443750 0.846667 0.107500 0.093333
3 0.572500 0.953333 0.090000 0.093333
3 0.630000 0.906667 0.090000 0.113333
3 0.745000 0.931667 0.110000 0.090000
3 0.780000 0.971667 0.100000 0.056667
3 0.805000 0.868333 0.090000 0.103333
3 0.662500 0.765000 0.095000 0.090000
3 0.727500 0.758333 0.070000 0.083333
3 0.745000 0.811667 0.075000 0.063333
3 0.805000 0.795000 0.080000 0.083333
3 0.861250 0.761667 0.072500 0.083333
3 0.901250 0.776667 0.062500 0.066667
3 0.963750 0.850000 0.072500 0.093333
3 0.085000 0.898333 0.090000 0.096667
3 0.112500 0.951667 0.095000 0.090000
3 0.198750 0.843333 0.072500 0.086667
3 0.086250 0.606667 0.067500 0.080000
3 0.037500 0.636667 0.060000 0.093333
3 0.045000 0.715000 0.085000 0.103333
3 0.206250 0.660000 0.077500 0.093333
3 0.242500 0.608333 0.060000 0.083333
3 0.346250 0.708333 0.082500 0.083333
3 0.436250 0.746667 0.072500 0.093333
3 0.425000 0.611667 0.070000 0.083333
3 0.357500 0.651667 0.065000 0.083333
3 0.676250 0.691667 0.067500 0.070000
3 0.608750 0.715000 0.077500 0.083333
3 0.510000 0.750000 0.065000 0.086667
3 0.562500 0.748333 0.060000 0.083333
3 0.791250 0.611667 0.057500 0.063333
3 0.871250 0.613333 0.052500 0.060000
3 0.527500 0.643333 0.050000 0.086667
3 0.470000 0.535000 0.050000 0.050000
3 0.967500 0.918333 0.065000 0.083333
