1 0.309735 0.293722 0.106195 0.121076
1 0.360619 0.320628 0.066372 0.103139
1 0.882743 0.890135 0.199115 0.183857
1 0.599558 0.878924 0.137168 0.089686
1 0.294248 0.556054 0.190265 0.161435
1 0.732301 0.280269 0.146018 0.094170
1 0.820796 0.381166 0.101770 0.179372
1 0.887168 0.434978 0.084071 0.143498
1 0.544248 0.721973 0.159292 0.089686
1 0.159292 0.396861 0.132743 0.085202
1 0.528761 0.473094 0.154867 0.103139
1 0.639381 0.517937 0.119469 0.130045
1 0.685841 0.452915 0.097345 0.143498
1 0.475664 0.941704 0.570796 0.116592
1 0.137168 0.769058 0.168142 0.183857
1 0.413717 0.578475 0.075221 0.161435
1 0.123894 0.320628 0.150442 0.103139
1 0.438053 0.405830 0.141593 0.121076
