3 0.498333 0.705357 0.136667 0.363095
3 0.598333 0.639881 0.143333 0.208333
3 0.708333 0.827381 0.330000 0.345238
3 0.890000 0.803571 0.213333 0.392857
3 0.896667 0.184524 0.206667 0.357143
3 0.928333 0.389881 0.143333 0.220238
3 0.748333 0.488095 0.096667 0.154762
3 0.286667 0.705357 0.153333 0.291667
3 0.250000 0.892857 0.206667 0.214286
3 0.053333 0.604167 0.100000 0.363095
3 0.181667 0.184524 0.356667 0.357143
3 0.180000 0.366071 0.053333 0.101190
3 0.235000 0.354167 0.056667 0.089286
3 0.111667 0.351190 0.050000 0.083333
3 0.218333 0.458333 0.063333 0.095238
3 0.600000 0.127976 0.153333 0.244048
3 0.440000 0.110119 0.153333 0.172619
3 0.363333 0.500000 0.146667 0.190476
