3 0.190897 0.292572 0.235054 0.132246
3 0.116848 0.240036 0.203804 0.096014
3 0.087636 0.181159 0.156250 0.105072
3 0.348505 0.250000 0.164402 0.099638
3 0.260870 0.213315 0.146739 0.073370
3 0.516984 0.207428 0.218750 0.083333
3 0.582880 0.315670 0.222826 0.089674
3 0.848505 0.257699 0.235054 0.096920
3 0.891304 0.322464 0.163043 0.105072
3 0.555707 0.116395 0.516304 0.095109
3 0.661005 0.158967 0.487772 0.066123
3 0.904212 0.206522 0.191576 0.141304
3 0.205163 0.680707 0.097826 0.064312
3 0.211277 0.737319 0.069293 0.059783
3 0.265625 0.728261 0.088315 0.061594
3 0.258152 0.688406 0.062500 0.057971
3 0.315217 0.711051 0.073370 0.057971
3 0.338995 0.662591 0.080163 0.062500
3 0.385190 0.702446 0.099185 0.044384
3 0.335598 0.757246 0.097826 0.057971
3 0.383832 0.783514 0.066576 0.063406
3 0.328125 0.804801 0.096467 0.057065
3 0.338315 0.843297 0.133152 0.045290
3 0.415082 0.869565 0.074728 0.063406
3 0.352582 0.932518 0.104620 0.058877
3 0.441576 0.964221 0.100543 0.051630
3 0.469429 0.901268 0.050272 0.056159
3 0.474185 0.848279 0.057065 0.038949
3 0.452446 0.802536 0.084239 0.056159
3 0.455842 0.748188 0.077446 0.056159
3 0.096467 0.765851 0.190217 0.377717
3 0.790082 0.658967 0.254076 0.265399
