1 0.515444 0.662371 0.158301 0.180412
1 0.594595 0.690722 0.162162 0.134021
1 0.785714 0.567010 0.189189 0.134021
1 0.783784 0.878866 0.193050 0.201031
1 0.559846 0.894330 0.223938 0.180412
1 0.361004 0.734536 0.135135 0.201031
1 0.241313 0.469072 0.096525 0.154639
1 0.077220 0.667526 0.084942 0.190722
1 0.351351 0.886598 0.084942 0.185567
1 0.830116 0.618557 0.169884 0.123711
1 0.445946 0.579897 0.173745 0.118557
1 0.108108 0.922680 0.077220 0.154639
1 0.046332 0.902062 0.084942 0.195876
1 0.169884 0.603093 0.069498 0.123711
1 0.818533 0.708763 0.247104 0.149485
