3 0.214047 0.660714 0.207358 0.345238
3 0.555184 0.779762 0.207358 0.345238
3 0.817726 0.663690 0.244147 0.363095
3 0.857860 0.729167 0.143813 0.232143
3 0.899666 0.437500 0.200669 0.327381
3 0.496656 0.208333 0.357860 0.226190
3 0.638796 0.327381 0.441472 0.226190
3 0.123746 0.360119 0.153846 0.184524
3 0.055184 0.485119 0.103679 0.172619
3 0.152174 0.523810 0.183946 0.226190
3 0.301003 0.485119 0.167224 0.196429
3 0.371237 0.538690 0.160535 0.196429
3 0.458194 0.696429 0.127090 0.238095
3 0.379599 0.842262 0.137124 0.267857
3 0.518395 0.449405 0.187291 0.172619
3 0.150502 0.199405 0.294314 0.196429
