3 0.300000 0.357372 0.266154 0.362179
3 0.468846 0.737179 0.211538 0.333333
3 0.543077 0.494124 0.220000 0.274573
3 0.618462 0.451389 0.515385 0.648504
3 0.628077 0.111111 0.213077 0.220085
3 0.615385 0.245726 0.226154 0.205128
3 0.265000 0.076923 0.214615 0.151709
3 0.083077 0.080128 0.155385 0.158120
3 0.105000 0.307692 0.180769 0.252137
3 0.173077 0.644765 0.161538 0.201923
3 0.255000 0.802350 0.305385 0.194444
3 0.843846 0.747863 0.230769 0.200855
3 0.906923 0.504274 0.176923 0.277778
3 0.897692 0.208868 0.204615 0.334402
