1 0.249164 0.606509 0.197324 0.242604
1 0.295987 0.757396 0.157191 0.189349
1 0.449833 0.825444 0.217391 0.171598
1 0.198997 0.869822 0.210702 0.118343
1 0.337793 0.926036 0.153846 0.088757
1 0.118729 0.142012 0.070234 0.224852
1 0.071906 0.434911 0.137124 0.207101
1 0.419732 0.174556 0.110368 0.183432
1 0.525084 0.428994 0.180602 0.266272
1 0.919732 0.343195 0.160535 0.142012
1 0.598662 0.656805 0.160535 0.142012
1 0.672241 0.884615 0.086957 0.230769
1 0.546823 0.254438 0.090301 0.260355
1 0.814381 0.565089 0.170569 0.183432
