3 0.156667 0.880952 0.220000 0.238095
3 0.283333 0.952381 0.073333 0.095238
3 0.531667 0.818452 0.110000 0.363095
3 0.650000 0.872024 0.206667 0.255952
3 0.693333 0.910714 0.140000 0.178571
3 0.855000 0.916667 0.136667 0.166667
3 0.670000 0.550595 0.153333 0.160714
3 0.775000 0.491071 0.216667 0.529762
3 0.348333 0.172619 0.076667 0.214286
3 0.436667 0.157738 0.093333 0.172619
3 0.151667 0.255952 0.156667 0.238095
3 0.163333 0.375000 0.106667 0.119048
3 0.118333 0.419643 0.096667 0.125000
3 0.071667 0.726190 0.130000 0.190476
3 0.421667 0.574405 0.270000 0.589286
3 0.396667 0.883929 0.140000 0.125000
