3 0.280645 0.762009 0.083871 0.096070
3 0.199194 0.822052 0.043548 0.063319
3 0.168548 0.752183 0.053226 0.058952
3 0.189516 0.765284 0.027419 0.041485
3 0.219355 0.750000 0.035484 0.045852
3 0.242742 0.755459 0.033871 0.043668
3 0.374194 0.795852 0.032258 0.045852
3 0.326613 0.799127 0.033871 0.052402
3 0.754839 0.752183 0.045161 0.041485
3 0.858871 0.739083 0.053226 0.063319
3 0.930645 0.754367 0.051613 0.058952
3 0.913710 0.579694 0.062903 0.072052
3 0.900806 0.620087 0.046774 0.048035
3 0.709677 0.685590 0.048387 0.043668
3 0.698387 0.723799 0.041935 0.050218
3 0.582258 0.723799 0.048387 0.058952
3 0.559677 0.627729 0.074194 0.054585
3 0.631452 0.563319 0.066129 0.048035
3 0.678226 0.497817 0.062903 0.061135
3 0.434677 0.467249 0.075806 0.065502
3 0.420161 0.419214 0.056452 0.069869
3 0.451613 0.401747 0.054839 0.065502
3 0.332258 0.402838 0.067742 0.072052
3 0.295968 0.362445 0.059677 0.065502
3 0.256452 0.433406 0.061290 0.067686
3 0.085484 0.705240 0.058065 0.056769
3 0.100000 0.729258 0.051613 0.039301
3 0.752419 0.341703 0.072581 0.067686
3 0.438710 0.343886 0.048387 0.054585
3 0.240323 0.330786 0.064516 0.063319
3 0.267742 0.290393 0.067742 0.074236
3 0.188710 0.627729 0.061290 0.058952
3 0.491935 0.533843 0.080645 0.076419
3 0.402419 0.596070 0.040323 0.043668
3 0.369355 0.492358 0.048387 0.037118
3 0.325000 0.497817 0.037097 0.043668
3 0.399194 0.701965 0.114516 0.072052
3 0.450000 0.649563 0.064516 0.080786
3 0.491129 0.384279 0.037097 0.056769
3 0.545968 0.457424 0.027419 0.037118
3 0.490323 0.479258 0.035484 0.037118
3 0.108065 0.549127 0.038710 0.045852
3 0.432258 0.262009 0.061290 0.109170
3 0.533871 0.334061 0.064516 0.082969
3 0.706452 0.569869 0.038710 0.056769
3 0.756452 0.422489 0.035484 0.041485
3 0.545161 0.527293 0.041935 0.045852
