3 0.283403 0.302308 0.347599 0.280000
3 0.623695 0.116538 0.418580 0.231538
3 0.734864 0.305000 0.327766 0.240769
3 0.729645 0.526154 0.354906 0.263077
3 0.412317 0.499231 0.313152 0.229231
3 0.652401 0.769615 0.361169 0.245385
3 0.122651 0.607308 0.243215 0.417692
3 0.354906 0.831154 0.699374 0.225385
3 0.040188 0.549231 0.069937 0.046154
3 0.138831 0.481923 0.098121 0.056154
3 0.351775 0.840769 0.066806 0.056923
3 0.324635 0.896154 0.083507 0.038462
3 0.419102 0.865769 0.094990 0.053077
3 0.251566 0.940385 0.087683 0.062308
3 0.337683 0.937308 0.046973 0.059231
3 0.436848 0.756538 0.067850 0.057692
3 0.542797 0.484615 0.045929 0.064615
