3 0.428889 0.566667 0.146667 0.111111
3 0.533333 0.680000 0.133333 0.053333
3 0.255556 0.688889 0.164444 0.062222
3 0.180000 0.760000 0.084444 0.088889
3 0.260000 0.773333 0.084444 0.080000
3 0.802222 0.648889 0.093333 0.062222
3 0.837778 0.688889 0.093333 0.062222
3 0.800000 0.731111 0.071111 0.057778
3 0.862222 0.733333 0.071111 0.062222
3 0.571111 0.364444 0.066667 0.071111
3 0.624444 0.388889 0.075556 0.066667
3 0.057778 0.746667 0.106667 0.106667
3 0.413333 0.733333 0.231111 0.142222
3 0.582222 0.573333 0.097778 0.080000
3 0.324444 0.340000 0.124444 0.191111
3 0.377778 0.177778 0.284444 0.151111
3 0.497778 0.266667 0.115556 0.160000
3 0.420000 0.335556 0.102222 0.146667
