3 0.497559 0.568915 0.182617 0.516129
3 0.724121 0.634897 0.245117 0.340176
3 0.781738 0.873167 0.168945 0.253666
3 0.301758 0.791056 0.236328 0.280059
3 0.138672 0.845308 0.130859 0.309384
3 0.107910 0.395894 0.172852 0.249267
3 0.205566 0.332845 0.061523 0.196481
3 0.849121 0.214076 0.188477 0.351906
3 0.321289 0.200880 0.130859 0.234604
3 0.943359 0.923754 0.101562 0.152493
3 0.937500 0.632698 0.109375 0.171554
3 0.833008 0.549853 0.072266 0.117302
3 0.896484 0.185484 0.074219 0.112903
3 0.953613 0.337243 0.083008 0.228739
3 0.571777 0.299120 0.096680 0.243402
3 0.484375 0.138563 0.181641 0.274194
