3 0.138980 0.442982 0.254934 0.581871
3 0.159539 0.789474 0.101974 0.251462
3 0.286184 0.910819 0.203947 0.178363
3 0.398849 0.845029 0.129934 0.309942
3 0.333882 0.663743 0.131579 0.263158
3 0.294408 0.467836 0.128289 0.204678
3 0.494243 0.374269 0.175987 0.263158
3 0.482730 0.555556 0.159539 0.128655
3 0.625822 0.675439 0.254934 0.561404
3 0.787829 0.713450 0.213816 0.304094
3 0.722862 0.375731 0.241776 0.178363
3 0.783717 0.463450 0.245066 0.225146
3 0.830592 0.235380 0.259868 0.277778
3 0.684211 0.076023 0.236842 0.134503
3 0.956414 0.149123 0.087171 0.134503
3 0.942434 0.384503 0.115132 0.271930
3 0.907072 0.672515 0.185855 0.426901
