1 0.505792 0.708763 0.123552 0.077320
1 0.617761 0.804124 0.100386 0.103093
1 0.884170 0.597938 0.123552 0.072165
1 0.239382 0.806701 0.115830 0.087629
1 0.349421 0.876289 0.065637 0.113402
1 0.828185 0.878866 0.150579 0.097938
1 0.133205 0.391753 0.065637 0.072165
1 0.801158 0.381443 0.142857 0.134021
1 0.862934 0.476804 0.065637 0.067010
1 0.926641 0.489691 0.038610 0.061856
1 0.976834 0.494845 0.046332 0.051546
1 0.059846 0.319588 0.073359 0.072165
1 0.216216 0.538660 0.115830 0.118557
1 0.054054 0.873711 0.100386 0.077320
1 0.374517 0.631443 0.138996 0.128866
1 0.611969 0.948454 0.088803 0.103093
