2 0.272000 0.652000 0.288000 0.344000
2 0.285000 0.433333 0.178000 0.194667
2 0.411000 0.362667 0.154000 0.165333
2 0.439000 0.610667 0.154000 0.176000
2 0.607000 0.612000 0.186000 0.226667
2 0.691000 0.560000 0.166000 0.261333
2 0.814000 0.636000 0.156000 0.205333
2 0.771000 0.800000 0.206000 0.256000
2 0.503000 0.854667 0.206000 0.221333
2 0.643000 0.892000 0.166000 0.130667
2 0.719000 0.289333 0.170000 0.146667
2 0.787000 0.349333 0.158000 0.128000
2 0.416000 0.230667 0.136000 0.162667
2 0.444000 0.141333 0.148000 0.138667
2 0.205000 0.230667 0.138000 0.141333
2 0.172000 0.344000 0.144000 0.138667
2 0.067000 0.578667 0.130000 0.186667
2 0.132000 0.809333 0.184000 0.248000
2 0.264000 0.173333 0.120000 0.144000
2 0.640000 0.184000 0.156000 0.149333
2 0.723000 0.122667 0.174000 0.149333
2 0.782000 0.232000 0.140000 0.133333
2 0.879000 0.281333 0.130000 0.168000
2 0.902000 0.130667 0.144000 0.138667
