1 0.448276 0.582902 0.084291 0.170984
1 0.726054 0.427461 0.233716 0.098446
1 0.521073 0.689119 0.160920 0.145078
1 0.256705 0.699482 0.114943 0.207254
1 0.099617 0.803109 0.191571 0.124352
1 0.128352 0.906736 0.095785 0.186528
1 0.258621 0.930052 0.141762 0.139896
1 0.078544 0.409326 0.065134 0.176166
1 0.051724 0.533679 0.095785 0.217617
1 0.304598 0.373057 0.095785 0.227979
1 0.227969 0.443005 0.095785 0.119171
1 0.149425 0.541451 0.145594 0.150259
1 0.220307 0.284974 0.172414 0.124352
1 0.371648 0.702073 0.122605 0.202073
1 0.764368 0.704663 0.141762 0.196891
1 0.936782 0.733161 0.126437 0.150259
1 0.821839 0.233161 0.095785 0.134715
1 0.798851 0.305699 0.134100 0.103627
1 0.687739 0.344560 0.149425 0.150259
1 0.455939 0.248705 0.199234 0.134715
1 0.871648 0.569948 0.210728 0.165803
1 0.218391 0.106218 0.153257 0.119171
1 0.122605 0.163212 0.091954 0.108808
1 0.086207 0.207254 0.095785 0.113990
1 0.505747 0.082902 0.183908 0.082902
1 0.417625 0.160622 0.183908 0.093264
1 0.293103 0.624352 0.118774 0.181347
