3 0.557188 0.479221 0.534375 0.322944
3 0.757188 0.568398 0.140625 0.180952
3 0.338438 0.235498 0.165625 0.180087
3 0.135938 0.177489 0.146875 0.169697
3 0.276562 0.045887 0.139375 0.090043
3 0.402188 0.138095 0.170625 0.073593
3 0.646563 0.159307 0.195625 0.240693
3 0.727812 0.165368 0.075625 0.121212
3 0.800312 0.072727 0.073125 0.126407
3 0.805312 0.221212 0.095625 0.135931
3 0.900625 0.363636 0.117500 0.122944
3 0.876875 0.561905 0.118750 0.155844
3 0.852187 0.755844 0.065625 0.195671
3 0.924063 0.816883 0.131875 0.122078
3 0.740000 0.808658 0.121250 0.187013
3 0.367188 0.800866 0.123125 0.154113
3 0.248438 0.763203 0.085625 0.122078
3 0.145625 0.785714 0.096250 0.103030
3 0.106875 0.707792 0.090000 0.151515
3 0.947813 0.300433 0.104375 0.154113
