5 0.466319 0.720833 0.032639 0.083333
5 0.371875 0.707292 0.054861 0.089583
5 0.366667 0.750000 0.058333 0.077083
5 0.337847 0.618750 0.038194 0.079167
5 0.387153 0.595313 0.042361 0.061458
5 0.418403 0.589063 0.040972 0.080208
5 0.157986 0.696354 0.061806 0.063542
5 0.205556 0.677604 0.026389 0.063542
5 0.093056 0.753646 0.069444 0.067708
5 0.069097 0.719271 0.045139 0.055208
5 0.162500 0.784896 0.054167 0.073958
5 0.211806 0.788021 0.051389 0.048958
5 0.290972 0.922396 0.098611 0.051042
5 0.327431 0.853125 0.031250 0.081250
5 0.245139 0.856771 0.056944 0.082292
5 0.426389 0.921875 0.072222 0.104167
5 0.367708 0.915104 0.045139 0.107292
5 0.451389 0.964062 0.093056 0.055208
5 0.538889 0.844792 0.052778 0.062500
5 0.506944 0.877083 0.038889 0.087500
5 0.568750 0.893750 0.038889 0.079167
5 0.617708 0.897917 0.093750 0.068750
5 0.649653 0.827604 0.059028 0.057292
5 0.755208 0.859375 0.096528 0.100000
5 0.739931 0.925000 0.077083 0.097917
5 0.771875 0.965625 0.045139 0.068750
5 0.799653 0.933854 0.081250 0.094792
5 0.843403 0.838542 0.090972 0.070833
5 0.911458 0.844792 0.054861 0.060417
5 0.918056 0.815104 0.070833 0.084375
5 0.775694 0.740104 0.061111 0.088542
5 0.820486 0.769792 0.039583 0.125000
5 0.760417 0.659896 0.038889 0.119792
5 0.736806 0.651042 0.033333 0.112500
5 0.741667 0.508333 0.070833 0.039583
5 0.783333 0.536979 0.061111 0.053125
5 0.791667 0.618229 0.034722 0.101042
5 0.535069 0.713542 0.047917 0.083333
5 0.601736 0.727604 0.050694 0.078125
5 0.536458 0.794792 0.043750 0.083333
5 0.354167 0.469271 0.030556 0.080208
5 0.218056 0.373958 0.048611 0.039583
5 0.185417 0.378646 0.027778 0.061458
5 0.438889 0.438542 0.062500 0.043750
5 0.515625 0.433333 0.027083 0.064583
5 0.536806 0.461458 0.038889 0.064583
5 0.656597 0.437500 0.056250 0.045833
5 0.690625 0.507292 0.047917 0.062500
5 0.865278 0.527604 0.031944 0.063542
5 0.939931 0.532292 0.040972 0.047917
5 0.958681 0.603125 0.067361 0.047917
5 0.597222 0.352083 0.036111 0.075000
5 0.467708 0.645312 0.025694 0.051042
5 0.489236 0.532292 0.034028 0.062500
5 0.539931 0.530208 0.061806 0.033333
5 0.609722 0.521875 0.026389 0.070833
5 0.317708 0.463021 0.028472 0.065625
5 0.262847 0.563542 0.034028 0.093750
5 0.177431 0.618750 0.038194 0.085417
5 0.097569 0.586979 0.050694 0.090625
5 0.017014 0.622396 0.032639 0.080208
5 0.047917 0.464062 0.052778 0.046875
5 0.026736 0.753125 0.052083 0.081250
5 0.019097 0.819792 0.036806 0.070833
5 0.118056 0.875000 0.040278 0.104167
5 0.107986 0.954167 0.099306 0.085417
5 0.157986 0.696875 0.065972 0.070833
5 0.105208 0.447396 0.029861 0.059375
5 0.148264 0.430208 0.053472 0.033333
5 0.080903 0.498958 0.046528 0.047917
5 0.629167 0.644271 0.054167 0.038542
5 0.395833 0.714063 0.019444 0.084375
5 0.419792 0.736979 0.049306 0.082292
5 0.450347 0.866146 0.065972 0.061458
5 0.922569 0.914062 0.102083 0.136458
5 0.854167 0.898958 0.072222 0.072917
5 0.698264 0.631250 0.042361 0.079167
5 0.660764 0.568750 0.068750 0.045833
