5 0.204198 0.307292 0.187023 0.260417
5 0.276718 0.531250 0.110687 0.250000
5 0.408397 0.661458 0.129771 0.250000
5 0.519084 0.752604 0.206107 0.213542
5 0.767176 0.671875 0.167939 0.197917
5 0.692748 0.361979 0.148855 0.171875
5 0.383588 0.229167 0.080153 0.250000
5 0.438931 0.424479 0.167939 0.140625
5 0.746183 0.145833 0.125954 0.197917
5 0.526718 0.388021 0.206107 0.192708
5 0.158397 0.770833 0.103053 0.270833
5 0.104962 0.234375 0.110687 0.281250
5 0.904580 0.471354 0.190840 0.161458
5 0.832061 0.843750 0.267176 0.125000
5 0.112595 0.533854 0.087786 0.161458
