2 0.376953 0.309663 0.076172 0.194729
2 0.487305 0.367496 0.072266 0.093704
2 0.586426 0.320644 0.067383 0.102489
2 0.572754 0.246706 0.075195 0.098097
2 0.802734 0.609810 0.099609 0.267936
2 0.658691 0.674963 0.086914 0.143485
2 0.475098 0.631772 0.137695 0.229868
2 0.461914 0.510981 0.064453 0.120059
2 0.431152 0.798682 0.079102 0.159590
2 0.384277 0.887262 0.127930 0.105417
2 0.212402 0.701318 0.084961 0.152269
2 0.181641 0.595168 0.113281 0.136164
2 0.155762 0.519034 0.077148 0.156662
2 0.083008 0.516105 0.121094 0.112738
2 0.038574 0.540264 0.075195 0.128843
2 0.096680 0.636164 0.085938 0.130307
2 0.114746 0.765739 0.073242 0.248902
2 0.168945 0.946559 0.083984 0.106881
2 0.200684 0.877745 0.129883 0.101025
2 0.750488 0.369693 0.174805 0.168375
2 0.880371 0.360176 0.106445 0.099561
2 0.915527 0.312592 0.071289 0.098097
2 0.828125 0.220351 0.085938 0.153734
2 0.828613 0.095168 0.090820 0.114202
2 0.738281 0.131040 0.101562 0.130307
2 0.520020 0.079795 0.098633 0.089312
2 0.587402 0.070278 0.069336 0.108346
2 0.590820 0.535139 0.072266 0.103953
2 0.547852 0.611274 0.078125 0.124451
2 0.665527 0.876281 0.225586 0.241581
2 0.857910 0.909224 0.063477 0.181552
2 0.826172 0.804539 0.062500 0.115666
2 0.964844 0.907028 0.070312 0.180088
2 0.881348 0.702782 0.092773 0.076135
2 0.918457 0.754026 0.104492 0.099561
2 0.889648 0.571742 0.101562 0.150805
2 0.941406 0.609810 0.093750 0.118594
2 0.925293 0.471449 0.118164 0.111274
