4 0.206633 0.714008 0.311224 0.214008
4 0.418367 0.702335 0.275510 0.167315
4 0.494898 0.838521 0.244898 0.276265
4 0.701531 0.789883 0.311224 0.272374
4 0.875000 0.834630 0.250000 0.175097
4 0.877551 0.686770 0.244898 0.167315
4 0.658163 0.568093 0.316327 0.225681
4 0.520408 0.377432 0.285714 0.178988
4 0.826531 0.322957 0.173469 0.116732
4 0.818878 0.208171 0.178571 0.167315
4 0.198980 0.371595 0.204082 0.112840
4 0.165816 0.431907 0.321429 0.140078
4 0.306122 0.535019 0.551020 0.159533
4 0.877551 0.548638 0.244898 0.085603
