3 0.164093 0.902062 0.088803 0.092784
3 0.164093 0.842784 0.073359 0.077320
3 0.289575 0.951031 0.092664 0.097938
3 0.368726 0.881443 0.073359 0.082474
3 0.388031 0.958763 0.104247 0.082474
3 0.733591 0.634021 0.092664 0.134021
3 0.805019 0.646907 0.096525 0.087629
3 0.897683 0.577320 0.050193 0.113402
3 0.453668 0.793814 0.065637 0.082474
3 0.774131 0.860825 0.065637 0.072165
3 0.793436 0.448454 0.057915 0.103093
3 0.928571 0.742268 0.042471 0.082474
3 0.144788 0.744845 0.088803 0.118557
3 0.169884 0.484536 0.200772 0.164948
3 0.750965 0.371134 0.050193 0.072165
3 0.851351 0.345361 0.057915 0.082474
3 0.872587 0.399485 0.046332 0.087629
3 0.934363 0.548969 0.046332 0.097938
3 0.637066 0.298969 0.061776 0.072165
3 0.513514 0.494845 0.061776 0.082474
3 0.084942 0.886598 0.054054 0.082474
3 0.480695 0.894330 0.065637 0.087629
3 0.517375 0.829897 0.061776 0.072165
3 0.316602 0.695876 0.061776 0.072165
3 0.388031 0.530928 0.189189 0.154639
3 0.638996 0.721649 0.057915 0.061856
