3 0.613095 0.170000 0.234127 0.300000
3 0.803571 0.252500 0.194444 0.265000
3 0.708333 0.727500 0.392857 0.485000
3 0.871032 0.785000 0.210317 0.310000
3 0.198413 0.592500 0.301587 0.235000
3 0.140873 0.825000 0.273810 0.350000
3 0.345238 0.917500 0.103175 0.115000
3 0.478175 0.690000 0.091270 0.090000
3 0.476190 0.450000 0.166667 0.210000
3 0.138889 0.287500 0.206349 0.195000
3 0.462302 0.102500 0.154762 0.195000
3 0.886905 0.365000 0.154762 0.190000
3 0.740079 0.457500 0.170635 0.275000
3 0.694444 0.565000 0.111111 0.230000
3 0.386905 0.777500 0.353175 0.375000
