5 0.491667 0.808905 0.240667 0.213358
5 0.514333 0.508349 0.150000 0.124304
5 0.599667 0.368275 0.211333 0.148423
5 0.723333 0.497681 0.116000 0.238404
5 0.750667 0.347866 0.258667 0.222635
5 0.906333 0.388683 0.102000 0.222635
5 0.728000 0.835343 0.136000 0.329314
5 0.823667 0.887291 0.103333 0.225417
5 0.924333 0.666048 0.151333 0.441558
5 0.956000 0.931354 0.088000 0.131725
5 0.141667 0.394712 0.187333 0.195733
5 0.284667 0.593228 0.181333 0.147495
5 0.223000 0.235158 0.127333 0.273655
5 0.097333 0.148423 0.193333 0.161410
5 0.304667 0.273655 0.113333 0.213358
5 0.440667 0.258813 0.214667 0.166976
5 0.053667 0.579314 0.106000 0.193878
5 0.191000 0.672542 0.100667 0.168831
5 0.196333 0.940631 0.220667 0.118738
5 0.093333 0.281076 0.184000 0.250464
5 0.648000 0.091837 0.101333 0.122449
5 0.849667 0.180891 0.152667 0.276438
5 0.860000 0.104824 0.225333 0.207792
5 0.391667 0.104360 0.095333 0.175325
5 0.212333 0.740724 0.192667 0.156772
5 0.538333 0.046846 0.086000 0.091837
5 0.796333 0.644249 0.103333 0.238404
5 0.506000 0.610390 0.105333 0.120594
5 0.400333 0.474490 0.103333 0.162338
5 0.432667 0.375232 0.173333 0.186456
5 0.252333 0.427644 0.114000 0.141002
5 0.163333 0.530148 0.141333 0.232839
5 0.360333 0.820501 0.095333 0.117811
5 0.463333 0.924861 0.232000 0.103896
