3 0.194615 0.376963 0.204615 0.211518
3 0.341538 0.484817 0.189231 0.171728
3 0.242308 0.573822 0.215385 0.165445
3 0.517308 0.778534 0.257692 0.258639
3 0.666154 0.567539 0.153846 0.249215
3 0.633462 0.399476 0.154615 0.185340
3 0.858077 0.463874 0.211538 0.184293
3 0.944615 0.656545 0.109231 0.125654
3 0.786154 0.084817 0.153846 0.167539
3 0.915769 0.120419 0.168462 0.171728
3 0.178462 0.209948 0.195385 0.168586
3 0.422692 0.123037 0.073077 0.097382
3 0.386923 0.306806 0.096923 0.259686
3 0.120769 0.690052 0.238462 0.295288
3 0.163077 0.828272 0.110769 0.125654
3 0.091923 0.067016 0.176154 0.127749
3 0.527692 0.182723 0.129231 0.168586
