1 0.134804 0.525735 0.200980 0.183824
1 0.203431 0.765931 0.099673 0.139706
1 0.403595 0.878676 0.081699 0.174020
1 0.588235 0.867647 0.042484 0.078431
1 0.774510 0.893382 0.137255 0.139706
1 0.902778 0.284314 0.122549 0.186275
1 0.732843 0.351716 0.171569 0.169118
1 0.680556 0.192402 0.089869 0.100490
1 0.534314 0.281863 0.163399 0.181373
1 0.534314 0.067402 0.160131 0.129902
1 0.316993 0.703431 0.120915 0.122549
1 0.062092 0.746324 0.098039 0.100490
1 0.662582 0.871324 0.076797 0.100490
1 0.491830 0.469363 0.186275 0.223039
1 0.356209 0.316176 0.186275 0.235294
1 0.177288 0.367647 0.148693 0.171569
1 0.682190 0.470588 0.155229 0.102941
1 0.831699 0.047794 0.166667 0.090686
1 0.069444 0.214461 0.073529 0.110294
