3 0.258687 0.773196 0.177606 0.206186
3 0.268340 0.608247 0.142857 0.164948
3 0.279923 0.494845 0.150579 0.175258
3 0.355212 0.641753 0.115830 0.170103
3 0.420849 0.750000 0.138996 0.170103
3 0.474903 0.884021 0.169884 0.201031
3 0.631274 0.909794 0.166023 0.180412
3 0.530888 0.724227 0.142857 0.170103
3 0.666023 0.664948 0.189189 0.247423
3 0.243243 0.324742 0.316602 0.371134
3 0.167954 0.873711 0.266409 0.252577
3 0.050193 0.742268 0.092664 0.164948
3 0.138996 0.731959 0.123552 0.154639
3 0.057915 0.564433 0.100386 0.149485
3 0.111969 0.561856 0.108108 0.185567
3 0.243243 0.224227 0.123552 0.128866
3 0.588803 0.288660 0.359073 0.309278
3 0.681467 0.438144 0.142857 0.134021
3 0.768340 0.523196 0.162162 0.180412
3 0.779923 0.409794 0.131274 0.149485
3 0.862934 0.520619 0.096525 0.144330
3 0.741313 0.213918 0.216216 0.201031
3 0.471042 0.170103 0.115830 0.134021
3 0.403475 0.371134 0.127413 0.154639
3 0.851351 0.731959 0.258687 0.432990
