1 0.380000 0.538333 0.204000 0.236667
1 0.448000 0.703333 0.208000 0.233333
1 0.504000 0.536667 0.060000 0.266667
1 0.601000 0.500000 0.182000 0.153333
1 0.055000 0.395000 0.106000 0.150000
1 0.183000 0.663333 0.226000 0.120000
1 0.299000 0.670000 0.086000 0.173333
1 0.219000 0.835000 0.138000 0.076667
1 0.190000 0.921667 0.140000 0.110000
1 0.035000 0.765000 0.066000 0.163333
1 0.739000 0.683333 0.134000 0.253333
1 0.782000 0.708333 0.100000 0.250000
1 0.856000 0.696667 0.128000 0.253333
1 0.637000 0.821667 0.054000 0.176667
1 0.750000 0.923333 0.188000 0.153333
1 0.896000 0.935000 0.200000 0.130000
1 0.740000 0.485000 0.084000 0.116667
1 0.769000 0.326667 0.090000 0.080000
1 0.517000 0.348333 0.162000 0.096667
1 0.431000 0.285000 0.094000 0.123333
1 0.168000 0.246667 0.052000 0.206667
1 0.083000 0.105000 0.074000 0.190000
1 0.068000 0.265000 0.064000 0.143333
1 0.481000 0.105000 0.126000 0.150000
1 0.257000 0.436667 0.094000 0.120000
1 0.166000 0.418333 0.096000 0.130000
