3 0.201149 0.829016 0.057471 0.072539
3 0.285441 0.769430 0.095785 0.088083
3 0.448276 0.652850 0.076628 0.082902
3 0.929119 0.753886 0.049808 0.067358
3 0.854406 0.735751 0.061303 0.062176
3 0.758621 0.748705 0.053640 0.046632
3 0.680077 0.707254 0.095785 0.098446
3 0.329502 0.404145 0.076628 0.072539
3 0.298851 0.357513 0.068966 0.062176
3 0.436782 0.414508 0.099617 0.082902
3 0.174330 0.753886 0.072797 0.067358
3 0.252874 0.432642 0.076628 0.067358
3 0.676245 0.497409 0.072797 0.072539
3 0.507663 0.541451 0.065134 0.067358
3 0.300766 0.520725 0.057471 0.077720
3 0.908046 0.588083 0.076628 0.098446
3 0.747126 0.642487 0.068966 0.062176
3 0.611111 0.588083 0.072797 0.088083
3 0.691571 0.572539 0.065134 0.067358
3 0.469349 0.764249 0.072797 0.077720
