5 0.240723 0.735897 0.149414 0.142857
5 0.253906 0.826740 0.203125 0.153114
5 0.422852 0.896337 0.181641 0.186813
5 0.593750 0.941026 0.167969 0.095971
5 0.506348 0.836996 0.241211 0.093040
5 0.805664 0.859341 0.234375 0.139194
5 0.876953 0.956044 0.128906 0.087912
5 0.929688 0.866300 0.138672 0.161905
5 0.807129 0.686813 0.145508 0.076923
5 0.109863 0.735897 0.215820 0.087179
5 0.225098 0.643956 0.143555 0.106960
5 0.341797 0.564103 0.093750 0.052747
5 0.544922 0.626007 0.083984 0.075458
5 0.686523 0.747985 0.105469 0.093773
5 0.806152 0.776557 0.086914 0.067399
5 0.865234 0.761905 0.160156 0.083516
5 0.411621 0.684982 0.180664 0.046886
5 0.351562 0.635165 0.060547 0.079121
5 0.044922 0.580586 0.058594 0.050549
5 0.057617 0.947619 0.113281 0.104762
5 0.038086 0.842125 0.074219 0.079853
5 0.681641 0.589377 0.082031 0.082784
5 0.825684 0.634799 0.122070 0.038828
5 0.934570 0.652381 0.130859 0.081319
5 0.444336 0.585348 0.070312 0.065934
