5 0.728000 0.452000 0.148000 0.116000
5 0.103000 0.476000 0.142000 0.100000
5 0.098000 0.280000 0.132000 0.096000
5 0.284000 0.353000 0.172000 0.142000
5 0.338000 0.407000 0.156000 0.106000
5 0.072000 0.616000 0.140000 0.108000
5 0.590000 0.768000 0.180000 0.128000
5 0.623000 0.659000 0.206000 0.118000
5 0.733000 0.720000 0.162000 0.092000
5 0.794000 0.785000 0.136000 0.094000
5 0.833000 0.519000 0.162000 0.150000
5 0.934000 0.554000 0.124000 0.124000
5 0.929000 0.431000 0.142000 0.090000
5 0.562000 0.280000 0.160000 0.124000
5 0.684000 0.281000 0.116000 0.158000
5 0.162000 0.754000 0.144000 0.152000
5 0.366000 0.565000 0.228000 0.126000
