2 0.278438 0.575640 0.271875 0.108611
2 0.381250 0.475950 0.128750 0.183863
2 0.432188 0.570209 0.110625 0.175330
2 0.448125 0.379364 0.265000 0.336695
2 0.565312 0.447634 0.129375 0.153607
2 0.432500 0.277347 0.091250 0.096974
2 0.485313 0.194337 0.461875 0.115593
2 0.552500 0.605508 0.191250 0.110939
2 0.674687 0.718774 0.134375 0.124903
2 0.778750 0.639643 0.107500 0.128006
2 0.833125 0.749418 0.102500 0.142746
2 0.892500 0.717223 0.202500 0.419705
2 0.796250 0.474011 0.118750 0.181536
2 0.679375 0.475950 0.070000 0.078355
2 0.683438 0.367727 0.136875 0.117921
2 0.740000 0.361908 0.160000 0.160590
2 0.870000 0.318464 0.113750 0.173002
2 0.936250 0.295190 0.082500 0.115593
2 0.939063 0.219938 0.121875 0.073701
2 0.944063 0.152444 0.111875 0.120248
2 0.893437 0.050815 0.093125 0.100078
2 0.815000 0.084174 0.195000 0.166796
2 0.514687 0.067494 0.159375 0.133437
2 0.578750 0.095035 0.112500 0.188518
2 0.633750 0.041893 0.092500 0.082234
2 0.370625 0.038790 0.113750 0.076028
2 0.280000 0.072149 0.122500 0.124127
2 0.195000 0.150504 0.138750 0.114818
2 0.131250 0.244375 0.123750 0.124127
2 0.087188 0.380140 0.114375 0.121024
2 0.091250 0.464701 0.181250 0.237393
2 0.092500 0.626067 0.076250 0.148953
2 0.146563 0.738945 0.121875 0.146625
2 0.081562 0.533747 0.123125 0.117921
2 0.121875 0.861521 0.177500 0.141971
2 0.298750 0.821567 0.177500 0.207913
2 0.354687 0.880915 0.105625 0.106284
2 0.418438 0.880140 0.073125 0.112490
2 0.489375 0.843289 0.105000 0.162917
