2 0.425706 0.540570 0.158990 0.186404
2 0.389302 0.456140 0.098068 0.140351
2 0.448737 0.349781 0.109955 0.146930
2 0.746657 0.417763 0.212481 0.120614
2 0.679792 0.679825 0.206538 0.254386
2 0.164933 0.917763 0.136701 0.151316
2 0.317236 0.245614 0.161961 0.250000
2 0.666419 0.281798 0.173848 0.199561
2 0.874443 0.710526 0.158990 0.223684
2 0.268202 0.573465 0.212481 0.234649
2 0.193908 0.505482 0.138187 0.296053
2 0.071322 0.371711 0.139673 0.094298
2 0.078752 0.111842 0.086181 0.219298
2 0.550520 0.167763 0.081724 0.322368
