2 0.409091 0.666667 0.192727 0.327869
2 0.609091 0.620219 0.236364 0.344262
2 0.709091 0.377049 0.145455 0.284153
2 0.658182 0.210383 0.225455 0.278689
2 0.387273 0.453552 0.178182 0.218579
2 0.165455 0.576503 0.221818 0.213115
2 0.205455 0.724044 0.250909 0.234973
2 0.221818 0.877049 0.225455 0.224044
2 0.063636 0.240437 0.120000 0.207650
2 0.080000 0.106557 0.145455 0.202186
2 0.292727 0.237705 0.134545 0.191257
2 0.378182 0.221311 0.138182 0.245902
2 0.516364 0.163934 0.152727 0.240437
2 0.910909 0.273224 0.178182 0.295082
2 0.925455 0.530055 0.149091 0.284153
2 0.845455 0.699454 0.200000 0.262295
2 0.676364 0.806011 0.218182 0.256831
