2 0.666023 0.582474 0.266409 0.319588
2 0.281853 0.417526 0.154440 0.195876
2 0.409266 0.358247 0.138996 0.139175
2 0.222008 0.244845 0.142857 0.170103
2 0.135135 0.791237 0.208494 0.262887
2 0.061776 0.569588 0.115830 0.211340
2 0.084942 0.463918 0.162162 0.195876
2 0.496139 0.858247 0.166023 0.221649
2 0.772201 0.817010 0.200772 0.252577
2 0.420849 0.237113 0.146718 0.144330
2 0.457529 0.149485 0.158301 0.154639
2 0.722008 0.118557 0.162162 0.175258
2 0.718147 0.286082 0.177606 0.139175
2 0.818533 0.371134 0.254826 0.175258
2 0.930502 0.556701 0.138996 0.154639
2 0.113900 0.239691 0.127413 0.149485
2 0.440154 0.626289 0.162162 0.180412
2 0.266409 0.667526 0.262548 0.365979
