4 0.477966 0.739766 0.264407 0.450292
4 0.259322 0.780702 0.254237 0.309942
4 0.167797 0.578947 0.328814 0.304094
4 0.138983 0.397661 0.271186 0.152047
4 0.123729 0.269006 0.240678 0.198830
4 0.459322 0.195906 0.261017 0.309942
4 0.432203 0.473684 0.152542 0.327485
4 0.561017 0.505848 0.213559 0.263158
4 0.722034 0.614035 0.189831 0.222222
4 0.866102 0.777778 0.240678 0.327485
4 0.884746 0.362573 0.230508 0.304094
4 0.891525 0.143275 0.216949 0.263158
4 0.701695 0.187135 0.203390 0.327485
4 0.730508 0.415205 0.159322 0.257310
4 0.886441 0.552632 0.200000 0.228070
