2 0.248333 0.506667 0.123333 0.115556
2 0.523333 0.675556 0.120000 0.168889
2 0.381667 0.551111 0.076667 0.151111
2 0.405000 0.460000 0.076667 0.111111
2 0.458333 0.533333 0.063333 0.097778
2 0.465000 0.466667 0.063333 0.080000
2 0.588333 0.395556 0.083333 0.088889
2 0.658333 0.537778 0.076667 0.168889
2 0.663333 0.704444 0.106667 0.137778
2 0.741667 0.682222 0.090000 0.137778
2 0.725000 0.580000 0.076667 0.120000
2 0.810000 0.411111 0.106667 0.084444
2 0.848333 0.382222 0.076667 0.071111
2 0.933333 0.386667 0.093333 0.080000
2 0.166667 0.380000 0.120000 0.075556
2 0.031667 0.337778 0.050000 0.071111
2 0.203333 0.255556 0.066667 0.093333
2 0.315000 0.806667 0.096667 0.137778
2 0.383333 0.700000 0.160000 0.200000
2 0.313333 0.675556 0.113333 0.106667
