2 0.577320 0.656371 0.144330 0.154440
2 0.711340 0.799228 0.164948 0.138996
2 0.842784 0.886100 0.159794 0.150579
2 0.896907 0.754826 0.185567 0.142857
2 0.819588 0.673745 0.154639 0.111969
2 0.896907 0.610039 0.175258 0.108108
2 0.265464 0.619691 0.128866 0.096525
2 0.229381 0.550193 0.128866 0.096525
2 0.152062 0.642857 0.149485 0.096525
2 0.164948 0.731660 0.113402 0.127413
2 0.530928 0.920849 0.257732 0.142857
2 0.319588 0.835907 0.154639 0.119691
2 0.293814 0.741313 0.144330 0.077220
2 0.404639 0.573359 0.180412 0.081081
2 0.587629 0.397683 0.164948 0.092664
2 0.701031 0.314672 0.144330 0.073359
2 0.914948 0.449807 0.139175 0.073359
2 0.935567 0.505792 0.128866 0.069498
2 0.250000 0.314672 0.139175 0.073359
2 0.079897 0.561776 0.118557 0.111969
2 0.752577 0.193050 0.113402 0.069498
2 0.159794 0.938224 0.154639 0.100386
2 0.793814 0.559846 0.154639 0.061776
2 0.353093 0.254826 0.139175 0.077220
