3 0.340796 0.436255 0.054726 0.043825
3 0.380597 0.440239 0.034826 0.043825
3 0.440299 0.486056 0.064677 0.047809
3 0.457711 0.521912 0.049751 0.047809
3 0.398010 0.561753 0.089552 0.047809
3 0.325871 0.639442 0.084577 0.051793
3 0.335821 0.733068 0.064677 0.039841
3 0.333333 0.762948 0.049751 0.035857
3 0.455224 0.629482 0.054726 0.039841
3 0.467662 0.663347 0.039801 0.043825
3 0.537313 0.743028 0.049751 0.043825
3 0.587065 0.735060 0.049751 0.043825
3 0.616915 0.762948 0.059701 0.035857
3 0.552239 0.659363 0.059701 0.043825
3 0.574627 0.683267 0.044776 0.035857
3 0.480100 0.784861 0.064677 0.039841
3 0.554726 0.561753 0.064677 0.039841
3 0.621891 0.567729 0.049751 0.035857
3 0.574627 0.599602 0.054726 0.035857
3 0.723881 0.631474 0.064677 0.043825
3 0.746269 0.707171 0.069652 0.051793
3 0.813433 0.671315 0.074627 0.067729
3 0.753731 0.579681 0.054726 0.043825
3 0.696517 0.498008 0.049751 0.039841
3 0.624378 0.414343 0.044776 0.047809
3 0.689055 0.430279 0.064677 0.055777
3 0.402985 0.304781 0.417910 0.211155
3 0.587065 0.308765 0.039801 0.027888
3 0.243781 0.820717 0.059701 0.063745
3 0.803483 0.882470 0.253731 0.211155
