2 0.279630 0.695187 0.300000 0.224599
2 0.359259 0.395722 0.111111 0.288770
2 0.344444 0.513369 0.259259 0.096257
2 0.566667 0.871658 0.118519 0.213904
2 0.575926 0.665775 0.329630 0.187166
2 0.935185 0.516043 0.129630 0.165775
2 0.046296 0.534759 0.085185 0.203209
2 0.218519 0.195187 0.111111 0.165775
2 0.725926 0.131016 0.222222 0.165775
2 0.675926 0.221925 0.203704 0.176471
2 0.511111 0.350267 0.192593 0.090909
2 0.470370 0.395722 0.155556 0.074866
2 0.651852 0.422460 0.118519 0.213904
2 0.092593 0.692513 0.177778 0.251337
2 0.218519 0.828877 0.066667 0.139037
