2 0.577295 0.495902 0.198068 0.172131
2 0.454106 0.422131 0.202899 0.155738
2 0.234300 0.491803 0.236715 0.147541
2 0.282609 0.745902 0.236715 0.188525
2 0.473430 0.850410 0.251208 0.209016
2 0.804348 0.725410 0.159420 0.180328
2 0.787440 0.465164 0.212560 0.143443
2 0.664251 0.340164 0.265700 0.073770
2 0.077295 0.522541 0.144928 0.168033
2 0.398551 0.227459 0.333333 0.209016
2 0.502415 0.194672 0.086957 0.217213
2 0.884058 0.430328 0.135266 0.131148
2 0.857488 0.329918 0.198068 0.159836
2 0.925121 0.731557 0.140097 0.151639
