2 0.408889 0.677778 0.177778 0.164444
2 0.295556 0.640000 0.128889 0.204444
2 0.177778 0.775556 0.231111 0.155556
2 0.206667 0.591111 0.146667 0.133333
2 0.584444 0.902222 0.137778 0.195556
2 0.684444 0.820000 0.168889 0.173333
2 0.895556 0.844444 0.164444 0.160000
2 0.628889 0.553333 0.128889 0.128889
2 0.795556 0.440000 0.186667 0.177778
2 0.308889 0.351111 0.288889 0.177778
2 0.344444 0.153333 0.111111 0.128889
2 0.102222 0.282222 0.115556 0.200000
2 0.880000 0.544444 0.151111 0.128889
2 0.786667 0.622222 0.168889 0.124444
