2 0.349498 0.791667 0.311037 0.345238
2 0.369565 0.580357 0.311037 0.291667
2 0.376254 0.413690 0.270903 0.220238
2 0.404682 0.285714 0.227425 0.166667
2 0.498328 0.175595 0.180602 0.196429
2 0.620401 0.354167 0.217391 0.244048
2 0.668896 0.574405 0.227425 0.291667
2 0.670569 0.827381 0.230769 0.226190
2 0.909699 0.366071 0.127090 0.172619
2 0.841137 0.258929 0.137124 0.148810
2 0.814381 0.175595 0.137124 0.172619
2 0.667224 0.145833 0.137124 0.172619
2 0.103679 0.627976 0.200669 0.291667
2 0.108696 0.797619 0.210702 0.238095
2 0.192308 0.202381 0.123746 0.154762
