5 0.530797 0.653005 0.235507 0.114754
5 0.556159 0.789617 0.293478 0.147541
5 0.889493 0.860656 0.221014 0.267760
5 0.733696 0.920765 0.112319 0.158470
5 0.844203 0.612022 0.210145 0.131148
5 0.815217 0.497268 0.210145 0.131148
5 0.365942 0.609290 0.123188 0.234973
5 0.304348 0.737705 0.246377 0.120219
5 0.318841 0.855191 0.231884 0.202186
5 0.344203 0.939891 0.318841 0.109290
5 0.157609 0.767760 0.155797 0.114754
5 0.115942 0.480874 0.065217 0.240437
5 0.253623 0.521858 0.166667 0.191257
5 0.626812 0.439891 0.079710 0.191257
5 0.740942 0.371585 0.112319 0.174863
