5 0.328244 0.447917 0.137405 0.208333
5 0.133588 0.734375 0.160305 0.156250
5 0.257634 0.750000 0.118321 0.135417
5 0.528626 0.554688 0.133588 0.213542
5 0.553435 0.294271 0.137405 0.151042
5 0.196565 0.247396 0.141221 0.151042
5 0.082061 0.294271 0.110687 0.192708
5 0.169847 0.442708 0.087786 0.145833
5 0.900763 0.653646 0.198473 0.151042
5 0.769084 0.270833 0.148855 0.208333
5 0.870229 0.294271 0.091603 0.130208
5 0.713740 0.453125 0.122137 0.177083
5 0.442748 0.304688 0.145038 0.130208
5 0.133588 0.114583 0.160305 0.145833
