3 0.550909 0.407104 0.294545 0.191257
3 0.256364 0.245902 0.323636 0.338798
3 0.361818 0.224044 0.192727 0.196721
3 0.601818 0.229508 0.214545 0.142077
3 0.829091 0.295082 0.138182 0.109290
3 0.681818 0.133880 0.258182 0.136612
3 0.903636 0.076503 0.178182 0.109290
3 0.112727 0.688525 0.203636 0.153005
3 0.378182 0.702186 0.407273 0.202186
3 0.058182 0.939891 0.109091 0.120219
3 0.194545 0.950820 0.163636 0.098361
3 0.221818 0.866120 0.421818 0.191257
3 0.587273 0.765027 0.476364 0.295082
3 0.036364 0.494536 0.065455 0.081967
3 0.925455 0.710383 0.149091 0.109290
