2 0.135220 0.540881 0.150943 0.226415
2 0.251572 0.522013 0.144654 0.176101
2 0.272013 0.694969 0.103774 0.283019
2 0.204403 0.849057 0.100629 0.301887
2 0.690252 0.540881 0.097484 0.264151
2 0.704403 0.729560 0.144654 0.188679
2 0.561321 0.666667 0.154088 0.226415
2 0.548742 0.871069 0.141509 0.257862
2 0.341195 0.833333 0.103774 0.207547
2 0.437107 0.594340 0.144654 0.144654
2 0.855346 0.493711 0.144654 0.220126
2 0.929245 0.657233 0.091195 0.270440
2 0.889937 0.827044 0.150943 0.283019
2 0.794025 0.886792 0.135220 0.213836
2 0.907233 0.267296 0.147799 0.220126
2 0.792453 0.154088 0.106918 0.270440
2 0.814465 0.352201 0.081761 0.251572
2 0.548742 0.188679 0.141509 0.226415
2 0.411950 0.270440 0.144654 0.226415
2 0.259434 0.204403 0.116352 0.270440
2 0.399371 0.091195 0.150943 0.157233
2 0.158805 0.371069 0.110063 0.276730
2 0.080189 0.110063 0.135220 0.207547
2 0.059748 0.493711 0.113208 0.358491
2 0.102201 0.735849 0.116352 0.276730
2 0.933962 0.157233 0.113208 0.150943
2 0.397799 0.455975 0.154088 0.169811
2 0.517296 0.522013 0.110063 0.238994
2 0.048742 0.311321 0.091195 0.207547
2 0.685535 0.893082 0.094340 0.213836
2 0.279874 0.893082 0.094340 0.213836
