4 0.523636 0.459016 0.196364 0.207650
4 0.260000 0.450820 0.192727 0.224044
4 0.112727 0.377049 0.152727 0.207650
4 0.241818 0.718579 0.243636 0.234973
4 0.770909 0.699454 0.138182 0.262295
4 0.718182 0.540984 0.156364 0.207650
4 0.734545 0.366120 0.174545 0.196721
4 0.541818 0.188525 0.167273 0.202186
4 0.687273 0.866120 0.269091 0.267760
4 0.878182 0.732240 0.141818 0.196721
4 0.958182 0.724044 0.083636 0.213115
4 0.920000 0.546448 0.101818 0.142077
4 0.210909 0.180328 0.152727 0.196721
4 0.378182 0.540984 0.181818 0.185792
4 0.509091 0.079235 0.290909 0.147541
4 0.525455 0.934426 0.170909 0.131148
4 0.309091 0.896175 0.378182 0.196721
