3 0.208633 0.602210 0.093525 0.143646
3 0.143885 0.494475 0.079137 0.292818
3 0.293165 0.419890 0.133094 0.132597
3 0.348921 0.555249 0.129496 0.193370
3 0.681655 0.687845 0.125899 0.138122
3 0.884892 0.729282 0.230216 0.232044
3 0.803957 0.502762 0.291367 0.187845
3 0.397482 0.218232 0.190647 0.392265
3 0.235612 0.154696 0.089928 0.298343
3 0.940647 0.414365 0.111511 0.243094
3 0.778777 0.367403 0.233813 0.193370
3 0.588129 0.182320 0.169065 0.353591
3 0.294964 0.848066 0.532374 0.303867
3 0.755396 0.748619 0.489209 0.447514
