5 0.636719 0.802951 0.158203 0.314236
5 0.761230 0.631076 0.155273 0.203125
5 0.940430 0.604167 0.119141 0.239583
5 0.813477 0.818576 0.144531 0.276042
5 0.712402 0.557292 0.184570 0.190972
5 0.381348 0.649306 0.069336 0.121528
5 0.435059 0.506944 0.094727 0.079861
5 0.485840 0.537326 0.055664 0.157986
5 0.554688 0.456597 0.126953 0.138889
5 0.643555 0.434896 0.126953 0.307292
5 0.432129 0.942708 0.200195 0.114583
5 0.529297 0.758681 0.117188 0.131944
5 0.796875 0.158854 0.119141 0.251736
5 0.919922 0.339410 0.125000 0.314236
5 0.790039 0.432292 0.113281 0.159722
5 0.248535 0.756944 0.116211 0.149306
5 0.336426 0.598958 0.047852 0.149306
5 0.378906 0.864583 0.119141 0.215278
5 0.126465 0.583333 0.084961 0.055556
5 0.255371 0.563368 0.081055 0.050347
5 0.308105 0.580729 0.038086 0.067708
5 0.298828 0.629340 0.039062 0.078125
5 0.338379 0.416667 0.088867 0.079861
5 0.155762 0.439236 0.079102 0.062500
5 0.237305 0.432292 0.076172 0.062500
5 0.458496 0.250868 0.079102 0.116319
5 0.534668 0.111111 0.092773 0.135417
5 0.683594 0.222222 0.058594 0.142361
5 0.619629 0.250868 0.106445 0.067708
5 0.539551 0.323785 0.098633 0.133681
5 0.442383 0.435764 0.089844 0.093750
5 0.924316 0.095486 0.151367 0.184028
5 0.740723 0.394965 0.116211 0.154514
5 0.753906 0.842014 0.093750 0.145833
5 0.891602 0.779514 0.134766 0.142361
5 0.968262 0.800347 0.063477 0.177083
