1 0.289333 0.191000 0.162667 0.086000
1 0.357333 0.253000 0.133333 0.082000
1 0.322667 0.318000 0.112000 0.140000
1 0.078667 0.600000 0.152000 0.104000
1 0.060000 0.209000 0.109333 0.046000
1 0.076000 0.255000 0.098667 0.058000
1 0.748000 0.041000 0.157333 0.078000
1 0.597333 0.034000 0.128000 0.064000
1 0.661333 0.138000 0.154667 0.120000
1 0.793333 0.322000 0.098667 0.048000
1 0.260000 0.564000 0.114667 0.052000
1 0.202667 0.176000 0.058667 0.052000
1 0.116000 0.349000 0.061333 0.074000
1 0.078667 0.401000 0.120000 0.066000
1 0.070667 0.481000 0.077333 0.062000
1 0.033333 0.519000 0.061333 0.058000
1 0.473333 0.219000 0.077333 0.058000
1 0.450667 0.118000 0.213333 0.128000
1 0.598667 0.268000 0.130667 0.156000
1 0.669333 0.644000 0.186667 0.244000
1 0.798667 0.562000 0.274667 0.184000
1 0.494667 0.854000 0.109333 0.092000
1 0.624000 0.861000 0.096000 0.074000
1 0.837333 0.867000 0.128000 0.066000
1 0.912000 0.814000 0.096000 0.076000
1 0.856000 0.722000 0.112000 0.072000
1 0.852000 0.181000 0.104000 0.082000
1 0.276000 0.627000 0.098667 0.102000
1 0.329333 0.483000 0.088000 0.058000
1 0.077333 0.916000 0.149333 0.168000
1 0.246667 0.950000 0.280000 0.100000
1 0.320000 0.865000 0.330667 0.158000
1 0.496000 0.491000 0.064000 0.058000
1 0.353333 0.697000 0.082667 0.094000
