2 0.352313 0.191667 0.128114 0.127778
2 0.348754 0.261111 0.135231 0.122222
2 0.350534 0.347222 0.145907 0.116667
2 0.343416 0.494444 0.145907 0.144444
2 0.336299 0.583333 0.145907 0.133333
2 0.341637 0.736111 0.135231 0.150000
2 0.332740 0.897222 0.145907 0.138889
2 0.540925 0.180556 0.128114 0.172222
2 0.537367 0.313889 0.128114 0.150000
2 0.533808 0.461111 0.135231 0.122222
2 0.533808 0.622222 0.120996 0.144444
2 0.532028 0.775000 0.131673 0.116667
2 0.533808 0.905556 0.135231 0.144444
2 0.704626 0.255556 0.120996 0.133333
2 0.692171 0.397222 0.131673 0.150000
2 0.690391 0.561111 0.120996 0.144444
2 0.679715 0.713889 0.142349 0.150000
2 0.676157 0.850000 0.142349 0.133333
2 0.827402 0.247222 0.081851 0.150000
2 0.823843 0.388889 0.074733 0.088889
2 0.813167 0.516667 0.081851 0.133333
2 0.809609 0.666667 0.081851 0.155556
2 0.811388 0.825000 0.092527 0.127778
2 0.959075 0.586111 0.081851 0.150000
2 0.177936 0.258333 0.085409 0.127778
2 0.174377 0.358333 0.113879 0.138889
2 0.161922 0.480556 0.103203 0.138889
2 0.161922 0.597222 0.096085 0.105556
2 0.169039 0.730556 0.096085 0.105556
2 0.439502 0.255556 0.096085 0.122222
2 0.448399 0.358333 0.092527 0.138889
2 0.434164 0.508333 0.085409 0.105556
2 0.439502 0.644444 0.117438 0.144444
2 0.423488 0.794444 0.120996 0.166667
