3 0.511583 0.471649 0.328185 0.365979
3 0.662162 0.626289 0.158301 0.417526
3 0.839768 0.654639 0.305019 0.412371
3 0.283784 0.569588 0.243243 0.242268
3 0.471042 0.641753 0.177606 0.128866
3 0.272201 0.425258 0.127413 0.118557
3 0.480695 0.260309 0.111969 0.108247
3 0.337838 0.280928 0.173745 0.262887
3 0.135135 0.332474 0.262548 0.396907
3 0.158301 0.698454 0.308880 0.376289
3 0.496139 0.824742 0.328185 0.350515
3 0.762548 0.907216 0.335907 0.185567
3 0.893822 0.309278 0.212355 0.298969
3 0.743243 0.190722 0.305019 0.371134
3 0.440154 0.121134 0.370656 0.231959
