2 0.254717 0.399371 0.301887 0.484277
2 0.182390 0.663522 0.100629 0.157233
2 0.209119 0.839623 0.204403 0.320755
2 0.372642 0.839623 0.097484 0.144654
2 0.411950 0.927673 0.075472 0.144654
2 0.540881 0.471698 0.389937 0.113208
2 0.632075 0.801887 0.289308 0.333333
2 0.531447 0.606918 0.201258 0.157233
2 0.767296 0.408805 0.100629 0.150943
2 0.599057 0.295597 0.223270 0.327044
2 0.427673 0.279874 0.119497 0.220126
2 0.080189 0.273585 0.116352 0.182390
2 0.097484 0.889937 0.094340 0.220126
2 0.787736 0.619497 0.386792 0.761006
2 0.941824 0.880503 0.116352 0.226415
2 0.380503 0.119497 0.081761 0.226415
