2 0.066558 0.723926 0.126623 0.343558
2 0.271104 0.748466 0.496753 0.380368
2 0.290584 0.598160 0.224026 0.276074
2 0.264610 0.343558 0.250000 0.417178
2 0.378247 0.447853 0.094156 0.208589
2 0.449675 0.429448 0.100649 0.220859
2 0.363636 0.156442 0.097403 0.226994
2 0.081169 0.334356 0.155844 0.300613
2 0.746753 0.475460 0.506494 0.116564
2 0.746753 0.377301 0.506494 0.116564
2 0.745130 0.263804 0.509740 0.134969
2 0.745130 0.159509 0.509740 0.122699
2 0.743506 0.061350 0.512987 0.098160
2 0.569805 0.647239 0.113636 0.226994
2 0.582792 0.776074 0.107143 0.141104
2 0.681818 0.699387 0.071429 0.159509
2 0.818182 0.671779 0.097403 0.202454
2 0.819805 0.797546 0.133117 0.233129
2 0.701299 0.828221 0.051948 0.134969
2 0.939935 0.708589 0.120130 0.300613
2 0.915584 0.944785 0.103896 0.110429
