2 0.312308 0.536611 0.201538 0.238494
2 0.449615 0.728556 0.173077 0.275105
2 0.593077 0.687238 0.163077 0.198745
2 0.678846 0.774059 0.114615 0.094142
2 0.614231 0.456590 0.105385 0.120293
2 0.550385 0.481172 0.100769 0.138075
2 0.300385 0.412134 0.357692 0.213389
2 0.035385 0.305962 0.069231 0.141213
2 0.074231 0.124477 0.105385 0.098326
2 0.139231 0.158996 0.072308 0.119247
2 0.061923 0.519351 0.085385 0.164226
2 0.258077 0.711820 0.114615 0.091004
2 0.165385 0.577406 0.095385 0.140167
2 0.129231 0.463389 0.103077 0.094142
2 0.309615 0.861925 0.071538 0.092050
