2 0.124609 0.480556 0.157031 0.230556
2 0.228906 0.559028 0.220313 0.331944
2 0.653906 0.725694 0.225000 0.384722
2 0.872266 0.647222 0.200781 0.427778
2 0.890234 0.839583 0.153906 0.243056
2 0.625781 0.372917 0.204688 0.473611
2 0.809375 0.313194 0.235938 0.579167
2 0.463672 0.857639 0.161719 0.215278
2 0.507031 0.697222 0.142187 0.236111
2 0.356250 0.597917 0.084375 0.098611
2 0.378125 0.506944 0.100000 0.116667
2 0.404688 0.541667 0.073438 0.088889
2 0.338281 0.340972 0.246875 0.243056
2 0.056641 0.733333 0.102344 0.219444
2 0.055078 0.527083 0.108594 0.243056
