5 0.430840 0.500911 0.101434 0.091075
5 0.485143 0.531876 0.044057 0.160291
5 0.554816 0.457195 0.126025 0.149362
5 0.638320 0.432605 0.122951 0.307832
5 0.702869 0.551002 0.180328 0.180328
5 0.760246 0.625683 0.155738 0.216758
5 0.936475 0.599271 0.127049 0.240437
5 0.925205 0.339709 0.149590 0.318761
5 0.430840 0.937158 0.214139 0.114754
5 0.639857 0.800546 0.162910 0.315118
5 0.207480 0.866120 0.111680 0.081967
5 0.144980 0.748634 0.066598 0.178506
5 0.242828 0.753188 0.106557 0.162113
5 0.297131 0.626594 0.045082 0.072860
5 0.313525 0.578324 0.049180 0.052823
5 0.276639 0.524590 0.077869 0.069217
5 0.253586 0.564663 0.087090 0.061931
5 0.124488 0.581056 0.078893 0.058288
5 0.177766 0.566485 0.078893 0.102004
5 0.138320 0.403461 0.075820 0.078324
5 0.238730 0.427140 0.086066 0.063752
5 0.252049 0.447177 0.053279 0.041894
5 0.377561 0.869763 0.117828 0.242259
5 0.379611 0.643898 0.078893 0.118397
5 0.435451 0.722222 0.127049 0.143898
5 0.822234 0.827869 0.148566 0.329690
5 0.791496 0.427140 0.113730 0.158470
5 0.768443 0.285064 0.131148 0.089253
5 0.800205 0.163934 0.125000 0.262295
5 0.876025 0.235883 0.065574 0.132969
5 0.923156 0.098361 0.153689 0.193078
5 0.462602 0.249545 0.093238 0.123862
5 0.540471 0.110200 0.087090 0.129326
5 0.340676 0.415301 0.097336 0.083789
5 0.374488 0.346084 0.052254 0.061931
5 0.129611 0.905282 0.101434 0.189435
5 0.968238 0.791439 0.063525 0.191257
5 0.618852 0.248634 0.112705 0.078324
5 0.685963 0.229508 0.058402 0.153005
