2 0.339768 0.734536 0.223938 0.304124
2 0.193050 0.536082 0.169884 0.175258
2 0.330116 0.528351 0.189189 0.273196
2 0.420849 0.399485 0.146718 0.159794
2 0.621622 0.538660 0.254826 0.211340
2 0.532819 0.819588 0.146718 0.350515
2 0.689189 0.814433 0.196911 0.319588
2 0.864865 0.850515 0.239382 0.268041
2 0.816602 0.296392 0.220077 0.262887
2 0.714286 0.386598 0.169884 0.195876
2 0.598456 0.237113 0.239382 0.154639
2 0.382239 0.262887 0.200772 0.185567
2 0.293436 0.188144 0.270270 0.211340
2 0.229730 0.365979 0.204633 0.206186
2 0.086873 0.164948 0.166023 0.195876
2 0.084942 0.324742 0.162162 0.237113
2 0.876448 0.185567 0.162162 0.206186
2 0.169884 0.855670 0.293436 0.257732
2 0.152510 0.670103 0.297297 0.247423
