3 0.612500 0.363839 0.090000 0.107143
3 0.646250 0.421875 0.122500 0.089286
3 0.661875 0.482143 0.098750 0.133929
3 0.595625 0.521205 0.063750 0.104911
3 0.640625 0.669643 0.101250 0.223214
3 0.693125 0.568080 0.063750 0.091518
3 0.720625 0.641741 0.063750 0.095982
3 0.812500 0.323661 0.047500 0.089286
3 0.876875 0.184152 0.053750 0.073661
3 0.816250 0.103795 0.060000 0.113839
3 0.243125 0.194196 0.148750 0.285714
3 0.140625 0.523438 0.096250 0.122768
3 0.196875 0.802455 0.048750 0.091518
3 0.469375 0.860491 0.168750 0.270089
3 0.927500 0.607143 0.110000 0.107143
3 0.861250 0.359375 0.042500 0.071429
3 0.868750 0.448661 0.067500 0.093750
3 0.385625 0.154018 0.101250 0.125000
3 0.128750 0.334821 0.050000 0.093750
3 0.954375 0.275670 0.091250 0.171875
3 0.316250 0.719866 0.217500 0.475446
