2 0.494545 0.426230 0.160000 0.153005
2 0.414545 0.338798 0.181818 0.295082
2 0.570909 0.346995 0.210909 0.278689
2 0.652727 0.218579 0.207273 0.284153
2 0.245455 0.617486 0.200000 0.229508
2 0.187273 0.721311 0.156364 0.218579
2 0.096364 0.808743 0.170909 0.218579
2 0.118182 0.912568 0.149091 0.174863
2 0.270909 0.846995 0.134545 0.251366
2 0.409091 0.838798 0.163636 0.278689
2 0.560000 0.814208 0.225455 0.174863
2 0.696364 0.912568 0.192727 0.174863
2 0.703636 0.773224 0.141818 0.180328
2 0.618182 0.688525 0.109091 0.120219
2 0.514545 0.666667 0.149091 0.163934
2 0.758182 0.644809 0.185455 0.163934
2 0.856364 0.797814 0.112727 0.142077
2 0.912727 0.680328 0.130909 0.191257
2 0.930909 0.825137 0.109091 0.185792
2 0.843636 0.928962 0.123636 0.142077
2 0.832727 0.551913 0.160000 0.163934
2 0.876364 0.431694 0.210909 0.218579
2 0.930909 0.262295 0.138182 0.163934
2 0.958182 0.174863 0.083636 0.131148
2 0.903636 0.065574 0.112727 0.120219
2 0.807273 0.065574 0.138182 0.120219
2 0.707273 0.076503 0.141818 0.142077
2 0.518182 0.117486 0.120000 0.224044
2 0.423636 0.112022 0.141818 0.213115
2 0.338182 0.196721 0.130909 0.262295
2 0.267273 0.382514 0.185455 0.174863
2 0.123636 0.437158 0.203636 0.251366
2 0.081818 0.549180 0.156364 0.256831
2 0.058182 0.262295 0.109091 0.185792
2 0.143636 0.180328 0.192727 0.251366
2 0.265455 0.084699 0.145455 0.158470
2 0.078182 0.090164 0.149091 0.169399
