5 0.480417 0.737500 0.112500 0.107500
5 0.530000 0.800000 0.111667 0.107500
5 0.679583 0.781875 0.057500 0.153750
5 0.717083 0.805000 0.039167 0.122500
5 0.827917 0.847500 0.112500 0.060000
5 0.835000 0.894375 0.125000 0.076250
5 0.832083 0.948125 0.087500 0.103750
5 0.930417 0.963750 0.125833 0.072500
5 0.550833 0.952500 0.065000 0.095000
5 0.445417 0.936250 0.080833 0.127500
5 0.475417 0.853125 0.084167 0.068750
5 0.468750 0.647500 0.085833 0.090000
5 0.695000 0.601250 0.086667 0.060000
5 0.742500 0.627500 0.031667 0.087500
5 0.800000 0.686875 0.095000 0.071250
5 0.782500 0.538750 0.048333 0.102500
5 0.930417 0.466875 0.075833 0.101250
5 0.963333 0.513125 0.036667 0.071250
5 0.749583 0.733125 0.045833 0.093750
5 0.180833 0.528125 0.071667 0.063750
5 0.255000 0.501250 0.058333 0.050000
5 0.331250 0.471875 0.037500 0.071250
5 0.632500 0.711875 0.078333 0.098750
5 0.808750 0.475625 0.032500 0.091250
5 0.852500 0.760625 0.051667 0.093750
5 0.894583 0.648125 0.057500 0.058750
5 0.975833 0.633125 0.046667 0.121250
