2 0.254545 0.650273 0.167273 0.262295
2 0.410909 0.620219 0.174545 0.245902
2 0.601818 0.480874 0.207273 0.251366
2 0.669091 0.371585 0.116364 0.196721
2 0.758182 0.401639 0.127273 0.169399
2 0.876364 0.300546 0.160000 0.273224
2 0.932727 0.472678 0.134545 0.213115
2 0.921818 0.633880 0.156364 0.185792
2 0.632727 0.737705 0.218182 0.240437
2 0.576364 0.882514 0.207273 0.234973
2 0.334545 0.245902 0.203636 0.218579
2 0.234545 0.469945 0.185455 0.240437
2 0.052727 0.265027 0.098182 0.278689
2 0.096364 0.838798 0.185455 0.289617
2 0.145455 0.928962 0.196364 0.142077
2 0.347273 0.797814 0.207273 0.404372
2 0.465455 0.158470 0.152727 0.218579
2 0.834545 0.109290 0.178182 0.207650
2 0.574545 0.297814 0.167273 0.256831
2 0.749091 0.270492 0.181818 0.191257
2 0.560000 0.065574 0.130909 0.120219
2 0.214545 0.120219 0.138182 0.218579
2 0.218182 0.333333 0.123636 0.163934
2 0.089091 0.612022 0.170909 0.251366
2 0.774545 0.773224 0.189091 0.245902
2 0.952727 0.786885 0.094545 0.229508
