4 0.335907 0.427835 0.200772 0.164948
4 0.106178 0.193299 0.189189 0.231959
4 0.270270 0.152062 0.177606 0.211340
4 0.525097 0.695876 0.347490 0.226804
4 0.747104 0.814433 0.220077 0.216495
4 0.847490 0.538660 0.305019 0.221649
4 0.926641 0.716495 0.146718 0.175258
4 0.476834 0.579897 0.227799 0.252577
4 0.081081 0.623711 0.154440 0.185567
4 0.277992 0.757732 0.254826 0.319588
4 0.472973 0.860825 0.320463 0.237113
4 0.606178 0.412371 0.262548 0.185567
4 0.884170 0.894330 0.177606 0.211340
4 0.077220 0.920103 0.146718 0.159794
