2 0.328520 0.697802 0.202166 0.230769
2 0.377256 0.552198 0.205776 0.247253
2 0.481949 0.763736 0.191336 0.263736
2 0.348375 0.851648 0.176895 0.252747
2 0.200361 0.870879 0.249097 0.258242
2 0.171480 0.695055 0.198556 0.203297
2 0.117329 0.623626 0.191336 0.181319
2 0.072202 0.788462 0.129964 0.203297
2 0.088448 0.475275 0.169675 0.192308
2 0.075812 0.373626 0.137184 0.197802
2 0.158845 0.318681 0.144404 0.208791
2 0.227437 0.417582 0.137184 0.153846
2 0.330325 0.335165 0.155235 0.296703
2 0.442238 0.464286 0.162455 0.203297
2 0.476534 0.343407 0.166065 0.214286
2 0.539711 0.252747 0.176895 0.252747
2 0.718412 0.387363 0.194946 0.181319
2 0.684116 0.519231 0.176895 0.181319
2 0.597473 0.593407 0.162455 0.186813
2 0.687726 0.722527 0.148014 0.236264
2 0.787004 0.692308 0.137184 0.318681
2 0.700361 0.890110 0.231047 0.219780
2 0.882671 0.706044 0.155235 0.214286
2 0.918773 0.574176 0.162455 0.236264
2 0.915162 0.307692 0.169675 0.263736
2 0.958484 0.500000 0.083032 0.164835
2 0.702166 0.164835 0.162455 0.230769
2 0.779783 0.217033 0.151625 0.181319
2 0.884477 0.134615 0.115523 0.181319
2 0.335740 0.101648 0.151625 0.159341
2 0.108303 0.137363 0.122744 0.219780
