2 0.211957 0.662088 0.083333 0.104396
2 0.226449 0.725275 0.076087 0.098901
2 0.172101 0.774725 0.083333 0.109890
2 0.121377 0.851648 0.090580 0.120879
2 0.403986 0.717033 0.134058 0.170330
2 0.373188 0.840659 0.108696 0.197802
2 0.465580 0.829670 0.097826 0.208791
2 0.605072 0.771978 0.137681 0.126374
2 0.659420 0.651099 0.101449 0.203297
2 0.864130 0.489011 0.097826 0.208791
2 0.527174 0.535714 0.126812 0.192308
2 0.163043 0.398352 0.094203 0.148352
2 0.692029 0.112637 0.079710 0.126374
2 0.708333 0.203297 0.134058 0.131868
2 0.746377 0.854396 0.159420 0.214286
2 0.800725 0.942308 0.115942 0.115385
2 0.711957 0.500000 0.083333 0.131868
2 0.802536 0.706044 0.097826 0.148352
2 0.715580 0.681319 0.090580 0.098901
2 0.496377 0.695055 0.086957 0.104396
2 0.583333 0.868132 0.079710 0.120879
2 0.322464 0.497253 0.072464 0.082418
2 0.132246 0.535714 0.076087 0.126374
2 0.065217 0.255495 0.057971 0.082418
2 0.510870 0.208791 0.086957 0.087912
2 0.958333 0.348901 0.083333 0.203297
