4 0.430189 0.636842 0.188679 0.263158
4 0.711321 0.700000 0.313208 0.336842
4 0.305660 0.810526 0.218868 0.231579
4 0.305660 0.171053 0.181132 0.236842
4 0.522642 0.160526 0.200000 0.226316
4 0.671698 0.165789 0.150943 0.152632
4 0.922642 0.163158 0.154717 0.294737
4 0.933962 0.384211 0.116981 0.200000
4 0.624528 0.281579 0.162264 0.173684
4 0.083019 0.326316 0.158491 0.189474
4 0.143396 0.107895 0.150943 0.205263
4 0.352830 0.492105 0.169811 0.173684
4 0.473585 0.339474 0.169811 0.205263
4 0.496226 0.534211 0.169811 0.215789
4 0.692453 0.450000 0.200000 0.215789
4 0.739623 0.307895 0.105660 0.163158
4 0.803774 0.157895 0.173585 0.231579
4 0.062264 0.755263 0.116981 0.268421
