4 0.262273 0.761379 0.213636 0.198621
4 0.443636 0.644828 0.272727 0.191724
4 0.567273 0.502069 0.278182 0.115862
4 0.637273 0.743448 0.332727 0.292414
4 0.786364 0.577931 0.196364 0.171034
4 0.830909 0.906207 0.234545 0.187586
4 0.334091 0.895172 0.317273 0.209655
4 0.529545 0.857931 0.160909 0.160000
4 0.270000 0.482069 0.165455 0.117241
4 0.217273 0.580690 0.120000 0.137931
4 0.357273 0.533793 0.167273 0.173793
4 0.699091 0.421379 0.176364 0.106207
4 0.747273 0.473793 0.125455 0.092414
4 0.822727 0.438621 0.163636 0.132414
4 0.355909 0.404138 0.211818 0.093793
4 0.398636 0.337241 0.110000 0.075862
4 0.154545 0.364138 0.123636 0.068966
4 0.234091 0.345517 0.080909 0.086897
4 0.262273 0.299310 0.051818 0.052414
