3 0.410909 0.833333 0.189091 0.180328
3 0.456364 0.718579 0.156364 0.147541
3 0.494545 0.655738 0.210909 0.087432
3 0.492727 0.423497 0.098182 0.125683
3 0.276364 0.551913 0.145455 0.185792
3 0.256364 0.857923 0.112727 0.163934
3 0.696364 0.650273 0.163636 0.196721
3 0.838182 0.524590 0.120000 0.153005
3 0.940000 0.363388 0.120000 0.158470
3 0.785455 0.226776 0.152727 0.125683
3 0.650909 0.483607 0.378182 0.409836
3 0.341818 0.270492 0.109091 0.158470
3 0.210909 0.237705 0.116364 0.158470
3 0.238182 0.338798 0.098182 0.098361
3 0.227273 0.043716 0.149091 0.076503
3 0.321818 0.101093 0.032727 0.191257
3 0.423636 0.136612 0.127273 0.251366
