3 0.646923 0.451782 0.092308 0.127883
3 0.697692 0.475367 0.106154 0.219078
3 0.135000 0.568134 0.160769 0.245283
3 0.260385 0.663522 0.085385 0.096436
3 0.323846 0.669287 0.084615 0.082809
3 0.480769 0.669287 0.072308 0.120545
3 0.430000 0.710692 0.064615 0.067086
3 0.469231 0.804507 0.073846 0.131027
3 0.548846 0.816562 0.060769 0.113208
3 0.431923 0.300839 0.080769 0.090147
3 0.248462 0.308700 0.121538 0.126834
3 0.371154 0.196541 0.131538 0.248428
3 0.563077 0.269916 0.083077 0.089099
3 0.292692 0.512579 0.126923 0.132075
3 0.612692 0.651468 0.091538 0.133124
3 0.748077 0.585430 0.113077 0.137317
3 0.489231 0.456499 0.081538 0.101677
