3 0.235870 0.527005 0.230435 0.333879
3 0.434239 0.546645 0.220652 0.432079
3 0.719022 0.677578 0.388043 0.490998
3 0.589130 0.271686 0.136957 0.160393
3 0.405435 0.220949 0.158696 0.163666
3 0.582609 0.104746 0.215217 0.206219
3 0.805978 0.156301 0.140217 0.230769
3 0.678261 0.238134 0.117391 0.119476
3 0.369565 0.867430 0.250000 0.265139
3 0.075543 0.833879 0.118478 0.145663
3 0.157065 0.757774 0.075000 0.114566
3 0.028804 0.570376 0.055435 0.112930
3 0.243478 0.300327 0.108696 0.135843
3 0.333152 0.313421 0.125000 0.162029
3 0.148370 0.137480 0.066304 0.075286
3 0.188587 0.130115 0.079348 0.106383
3 0.173913 0.211948 0.093478 0.109656
3 0.127717 0.394435 0.122826 0.189853
3 0.035326 0.405892 0.068478 0.140753
3 0.361957 0.432079 0.141304 0.173486
3 0.753804 0.434534 0.061957 0.093290
3 0.961413 0.248773 0.066304 0.072013
3 0.965761 0.564648 0.068478 0.196399
3 0.878261 0.666939 0.115217 0.168576
