3 0.280000 0.385246 0.065455 0.071038
3 0.323636 0.396175 0.058182 0.103825
3 0.436364 0.371585 0.080000 0.076503
3 0.489091 0.442623 0.076364 0.065574
3 0.530909 0.437158 0.058182 0.098361
3 0.494545 0.590164 0.065455 0.098361
3 0.241818 0.836066 0.083636 0.098361
3 0.247273 0.718579 0.065455 0.071038
3 0.367273 0.934426 0.087273 0.109290
3 0.412727 0.617486 0.069091 0.087432
3 0.449091 0.737705 0.076364 0.109290
3 0.514545 0.967213 0.061818 0.065574
3 0.620000 0.680328 0.083636 0.081967
3 0.714545 0.450820 0.076364 0.092896
3 0.600000 0.560109 0.087273 0.114754
3 0.674545 0.133880 0.083636 0.092896
3 0.594545 0.224044 0.069091 0.087432
3 0.734545 0.286885 0.087273 0.103825
3 0.803636 0.311475 0.072727 0.087432
3 0.823636 0.363388 0.061818 0.092896
3 0.785455 0.475410 0.080000 0.087432
3 0.665455 0.765027 0.065455 0.109290
3 0.836364 0.800546 0.065455 0.092896
3 0.796364 0.866120 0.080000 0.103825
3 0.085455 0.352459 0.054545 0.103825
3 0.876364 0.125683 0.058182 0.087432
3 0.896364 0.453552 0.076364 0.120219
3 0.774545 0.661202 0.065455 0.098361
3 0.100000 0.781421 0.090909 0.109290
3 0.040000 0.907104 0.072727 0.098361
3 0.027273 0.614754 0.047273 0.125683
3 0.149091 0.243169 0.087273 0.103825
3 0.309091 0.144809 0.058182 0.081967
3 0.372727 0.226776 0.076364 0.092896
3 0.638182 0.931694 0.076364 0.092896
3 0.320000 0.639344 0.080000 0.109290
3 0.269091 0.505464 0.058182 0.071038
3 0.638182 0.297814 0.069091 0.092896
3 0.538182 0.297814 0.087273 0.103825
3 0.934545 0.863388 0.072727 0.087432
3 0.820000 0.573770 0.069091 0.098361
3 0.923636 0.557377 0.058182 0.098361
