4 0.450000 0.514986 0.256364 0.141689
4 0.375455 0.282016 0.158182 0.226158
4 0.100000 0.348774 0.181818 0.212534
4 0.201818 0.119891 0.294545 0.223433
4 0.226364 0.811989 0.180000 0.185286
4 0.323636 0.689373 0.229091 0.103542
4 0.320000 0.780654 0.145455 0.166213
4 0.062727 0.611717 0.110909 0.324251
4 0.637273 0.641689 0.285455 0.247956
4 0.703636 0.299728 0.192727 0.321526
4 0.478182 0.152589 0.250909 0.261580
4 0.889091 0.166213 0.210909 0.283379
4 0.843636 0.754768 0.185455 0.474114
4 0.564545 0.866485 0.354545 0.201635
