4 0.426758 0.730903 0.101562 0.197917
4 0.094238 0.581597 0.139648 0.229167
4 0.143066 0.503472 0.079102 0.118056
4 0.055176 0.342882 0.108398 0.192708
4 0.327148 0.868056 0.083984 0.156250
4 0.612793 0.671007 0.045898 0.102431
4 0.698730 0.596354 0.053711 0.105903
4 0.763184 0.763889 0.071289 0.111111
4 0.795410 0.823785 0.053711 0.098958
4 0.859863 0.852431 0.063477 0.069444
4 0.911133 0.817708 0.052734 0.093750
4 0.918457 0.888021 0.051758 0.092014
4 0.959961 0.880208 0.070312 0.097222
4 0.923340 0.747396 0.069336 0.088542
4 0.885742 0.583333 0.056641 0.090278
4 0.327637 0.665799 0.086914 0.102431
4 0.436035 0.288194 0.047852 0.086806
4 0.386719 0.346354 0.046875 0.053819
4 0.344727 0.393229 0.035156 0.060764
4 0.462402 0.429688 0.055664 0.064236
4 0.192871 0.253472 0.053711 0.083333
4 0.251465 0.197049 0.061523 0.088542
4 0.288574 0.526042 0.055664 0.086806
4 0.175781 0.674479 0.074219 0.085069
4 0.243652 0.379340 0.067383 0.102431
4 0.714355 0.422743 0.086914 0.126736
4 0.503906 0.166667 0.042969 0.065972
4 0.178223 0.380208 0.090820 0.076389
4 0.091309 0.720486 0.104492 0.145833
4 0.375977 0.466146 0.066406 0.064236
4 0.557617 0.463542 0.060547 0.111111
4 0.628906 0.571181 0.074219 0.093750
4 0.778809 0.565972 0.075195 0.111111
4 0.381348 0.289931 0.065430 0.097222
4 0.526367 0.263021 0.046875 0.064236
