3 0.590625 0.285417 0.151563 0.284722
3 0.746875 0.385417 0.185938 0.309722
3 0.783203 0.711806 0.207031 0.331944
3 0.421875 0.879167 0.073438 0.155556
3 0.537500 0.746528 0.084375 0.195833
3 0.515625 0.813194 0.093750 0.170833
3 0.549609 0.932639 0.108594 0.120833
3 0.623438 0.780556 0.084375 0.111111
3 0.560156 0.654861 0.095313 0.112500
3 0.458203 0.526389 0.099219 0.147222
3 0.478125 0.454167 0.104688 0.133333
3 0.557422 0.475694 0.099219 0.148611
3 0.603125 0.569444 0.114063 0.122222
3 0.443359 0.689583 0.110156 0.140278
3 0.341016 0.706944 0.108594 0.175000
3 0.388672 0.865278 0.114844 0.188889
3 0.370313 0.573611 0.095313 0.130556
3 0.660938 0.640972 0.095313 0.112500
3 0.303125 0.340278 0.531250 0.677778
