1 0.520000 0.545000 0.160000 0.174000
1 0.762000 0.664000 0.156000 0.120000
1 0.300000 0.657000 0.152000 0.154000
1 0.096000 0.623000 0.188000 0.174000
1 0.270000 0.221000 0.176000 0.110000
1 0.089000 0.354000 0.174000 0.156000
1 0.823000 0.348000 0.198000 0.156000
1 0.776000 0.174000 0.148000 0.104000
1 0.468000 0.280000 0.196000 0.152000
1 0.350000 0.467000 0.264000 0.170000
1 0.809000 0.793000 0.334000 0.150000
1 0.818000 0.704000 0.124000 0.192000
1 0.951000 0.336000 0.098000 0.160000
1 0.079000 0.230000 0.110000 0.068000
1 0.628000 0.261000 0.084000 0.074000
1 0.736000 0.517000 0.268000 0.230000
1 0.485000 0.700000 0.238000 0.132000
1 0.286000 0.755000 0.160000 0.154000
1 0.624000 0.380000 0.120000 0.124000
1 0.904000 0.270000 0.132000 0.136000
1 0.472000 0.795000 0.244000 0.162000
