1 0.371237 0.423077 0.468227 0.289941
1 0.506689 0.639053 0.431438 0.437870
1 0.408027 0.792899 0.434783 0.402367
1 0.612040 0.485207 0.173913 0.307692
1 0.702341 0.313609 0.180602 0.402367
1 0.769231 0.618343 0.274247 0.266272
1 0.948161 0.458580 0.103679 0.159763
1 0.946488 0.127219 0.086957 0.242604
1 0.342809 0.227811 0.297659 0.230769
1 0.301003 0.100592 0.267559 0.189349
1 0.068562 0.150888 0.130435 0.289941
1 0.137124 0.284024 0.147157 0.556213
1 0.113712 0.810651 0.220736 0.378698
1 0.093645 0.718935 0.180602 0.443787
1 0.709030 0.150888 0.280936 0.289941
1 0.809365 0.272189 0.127090 0.532544
1 0.050167 0.467456 0.093645 0.307692
1 0.285953 0.745562 0.217391 0.508876
1 0.854515 0.795858 0.290970 0.408284
