1 0.227425 0.842262 0.240803 0.148810
1 0.282609 0.773810 0.163880 0.452381
1 0.279264 0.550595 0.063545 0.089286
1 0.028428 0.410714 0.050167 0.166667
1 0.172241 0.491071 0.337793 0.422619
1 0.650502 0.574405 0.277592 0.398810
1 0.688963 0.857143 0.140468 0.154762
1 0.877926 0.645833 0.143813 0.220238
1 0.862876 0.449405 0.234114 0.267857
1 0.501672 0.383929 0.267559 0.267857
1 0.463211 0.541667 0.110368 0.130952
1 0.381271 0.580357 0.060201 0.136905
1 0.439799 0.758929 0.270903 0.351190
1 0.540134 0.258929 0.083612 0.136905
1 0.138796 0.214286 0.270903 0.142857
