1 0.187259 0.636598 0.281853 0.118557
1 0.158301 0.713918 0.162162 0.087629
1 0.476834 0.646907 0.119691 0.056701
1 0.395753 0.567010 0.173745 0.082474
1 0.413127 0.628866 0.092664 0.072165
1 0.476834 0.523196 0.127413 0.108247
1 0.627413 0.569588 0.135135 0.170103
1 0.712355 0.747423 0.436293 0.154639
1 0.750965 0.561856 0.127413 0.072165
1 0.816602 0.453608 0.104247 0.113402
1 0.889961 0.579897 0.166023 0.077320
1 0.967181 0.559278 0.065637 0.056701
1 0.976834 0.634021 0.046332 0.061856
1 0.969112 0.706186 0.061776 0.051546
1 0.980695 0.780928 0.038610 0.067010
1 0.525097 0.868557 0.092664 0.046392
1 0.187259 0.306701 0.135135 0.046392
1 0.100386 0.376289 0.115830 0.061856
1 0.040541 0.476804 0.073359 0.087629
1 0.210425 0.481959 0.104247 0.128866
1 0.299228 0.481959 0.088803 0.097938
1 0.235521 0.365979 0.131274 0.072165
1 0.405405 0.394330 0.108108 0.077320
1 0.430502 0.448454 0.073359 0.051546
1 0.490347 0.376289 0.077220 0.051546
1 0.494208 0.417526 0.061776 0.051546
1 0.584942 0.386598 0.150579 0.103093
1 0.733591 0.458763 0.108108 0.092784
1 0.779923 0.340206 0.208494 0.103093
1 0.826255 0.270619 0.108108 0.056701
1 0.901544 0.244845 0.119691 0.067010
1 0.030888 0.304124 0.054054 0.113402
1 0.108108 0.329897 0.108108 0.061856
1 0.225869 0.252577 0.227799 0.072165
1 0.389961 0.314433 0.169884 0.103093
1 0.337838 0.203608 0.104247 0.097938
1 0.478764 0.182990 0.138996 0.077320
1 0.465251 0.252577 0.150579 0.082474
1 0.621622 0.216495 0.054054 0.061856
1 0.824324 0.136598 0.119691 0.056701
1 0.036680 0.154639 0.057915 0.072165
1 0.175676 0.170103 0.189189 0.082474
1 0.349421 0.077320 0.073359 0.051546
1 0.343629 0.033505 0.084942 0.056701
1 0.471042 0.051546 0.123552 0.072165
