1 0.190909 0.663934 0.098182 0.366120
1 0.481818 0.792350 0.309091 0.109290
1 0.474545 0.819672 0.105455 0.196721
1 0.190909 0.743169 0.280000 0.120219
1 0.365455 0.696721 0.134545 0.092896
1 0.543636 0.674863 0.309091 0.125683
1 0.520000 0.524590 0.087273 0.131148
1 0.680000 0.524590 0.174545 0.120219
1 0.763636 0.606557 0.065455 0.109290
1 0.834545 0.633880 0.083636 0.131148
1 0.910909 0.614754 0.083636 0.125683
1 0.974545 0.590164 0.050909 0.098361
1 0.516364 0.330601 0.050909 0.158470
1 0.429091 0.385246 0.203636 0.114754
1 0.098182 0.314208 0.087273 0.103825
1 0.098182 0.398907 0.138182 0.087432
1 0.096364 0.532787 0.098182 0.092896
1 0.050909 0.595628 0.094545 0.131148
1 0.410909 0.587432 0.072727 0.147541
1 0.383636 0.316940 0.061818 0.098361
1 0.432727 0.311475 0.065455 0.109290
1 0.660000 0.426230 0.156364 0.087432
1 0.769091 0.390710 0.069091 0.147541
1 0.961818 0.423497 0.076364 0.092896
1 0.341818 0.601093 0.109091 0.174863
1 0.096364 0.969945 0.112727 0.060109
1 0.938182 0.513661 0.072727 0.087432
1 0.281818 0.428962 0.134545 0.092896
