1 0.477778 0.777778 0.155556 0.240000
1 0.426667 0.897778 0.168889 0.204444
1 0.717778 0.884444 0.297778 0.231111
1 0.822222 0.773333 0.160000 0.328889
1 0.924444 0.875556 0.097778 0.248889
1 0.942222 0.664444 0.115556 0.111111
1 0.664444 0.682222 0.120000 0.173333
1 0.073333 0.575556 0.137778 0.137778
1 0.226667 0.802222 0.293333 0.128889
1 0.037778 0.917778 0.066667 0.120000
1 0.597778 0.522222 0.066667 0.111111
1 0.320000 0.677778 0.195556 0.128889
1 0.793333 0.471111 0.075556 0.071111
1 0.162222 0.537778 0.084444 0.071111
1 0.222222 0.600000 0.088889 0.080000
1 0.386667 0.506667 0.133333 0.053333
1 0.362222 0.568889 0.146667 0.062222
