1 0.333333 0.608889 0.124444 0.124444
1 0.453333 0.688889 0.097778 0.177778
1 0.346667 0.864444 0.257778 0.093333
1 0.246667 0.957778 0.111111 0.066667
1 0.653333 0.920000 0.071111 0.151111
1 0.653333 0.453333 0.106667 0.106667
1 0.526667 0.528889 0.111111 0.097778
1 0.264444 0.535556 0.102222 0.093333
1 0.220000 0.620000 0.137778 0.066667
1 0.057778 0.677778 0.106667 0.128889
1 0.268889 0.724444 0.253333 0.133333
1 0.844444 0.677778 0.213333 0.128889
1 0.706667 0.813333 0.168889 0.142222
1 0.551111 0.846667 0.106667 0.173333
1 0.633333 0.682222 0.155556 0.075556
1 0.780000 0.542222 0.208889 0.106667
1 0.075556 0.546667 0.133333 0.124444
1 0.380000 0.253333 0.120000 0.106667
1 0.324444 0.337778 0.142222 0.115556
1 0.797778 0.280000 0.075556 0.160000
1 0.935556 0.282222 0.128889 0.075556
1 0.386667 0.511111 0.062222 0.097778
