4 0.357422 0.764583 0.136719 0.329167
4 0.448438 0.787500 0.143750 0.297222
4 0.564844 0.708333 0.181250 0.175000
4 0.627344 0.820139 0.187500 0.212500
4 0.787109 0.830556 0.180469 0.288889
4 0.869531 0.768750 0.181250 0.301389
4 0.943750 0.682639 0.112500 0.298611
4 0.953125 0.477083 0.085938 0.256944
4 0.670703 0.522222 0.199219 0.252778
4 0.767969 0.362500 0.129688 0.316667
4 0.832422 0.591667 0.160156 0.258333
4 0.825391 0.278472 0.142969 0.240278
4 0.877734 0.442361 0.108594 0.240278
4 0.649219 0.398611 0.135938 0.136111
4 0.439844 0.417361 0.160938 0.309722
4 0.399609 0.321528 0.157031 0.248611
4 0.280469 0.562500 0.107813 0.272222
4 0.354688 0.514583 0.096875 0.287500
4 0.529297 0.181944 0.186719 0.205556
4 0.606641 0.238194 0.147656 0.329167
4 0.723438 0.165278 0.101562 0.172222
