3 0.497045 0.360417 0.161939 0.225000
3 0.598109 0.415625 0.144208 0.402083
3 0.564421 0.704167 0.093381 0.295833
3 0.491726 0.641667 0.224586 0.141667
3 0.121158 0.685417 0.239953 0.625000
3 0.096927 0.153125 0.139480 0.302083
3 0.218085 0.532292 0.171395 0.147917
3 0.338652 0.318750 0.204492 0.275000
3 0.465721 0.138542 0.137116 0.164583
3 0.740544 0.544792 0.268322 0.360417
3 0.677305 0.738542 0.172577 0.414583
3 0.732270 0.228125 0.154846 0.114583
3 0.786052 0.368750 0.160757 0.195833
3 0.599882 0.054167 0.164303 0.104167
