4 0.820385 0.316423 0.190000 0.258368
4 0.951923 0.275628 0.094615 0.128661
4 0.964615 0.194561 0.070769 0.092050
4 0.943462 0.182008 0.113077 0.096234
4 0.795000 0.669979 0.337692 0.408996
4 0.218846 0.598849 0.126923 0.176778
4 0.068462 0.486402 0.135385 0.192469
4 0.222692 0.132322 0.434615 0.239540
4 0.475000 0.214435 0.326923 0.173640
4 0.446923 0.395921 0.132308 0.229079
4 0.283077 0.395921 0.200000 0.285565
4 0.075769 0.384414 0.110000 0.145397
4 0.219231 0.791318 0.190769 0.243724
4 0.388462 0.767782 0.213846 0.269874
4 0.592692 0.772490 0.173077 0.260460
4 0.318846 0.576360 0.183846 0.198745
4 0.560000 0.333682 0.103077 0.115063
4 0.330385 0.342573 0.068462 0.147490
4 0.965000 0.767782 0.070000 0.121339
4 0.558077 0.496339 0.142308 0.356695
