1 0.515000 0.395833 0.183333 0.196429
1 0.610000 0.479167 0.140000 0.196429
1 0.710000 0.440476 0.160000 0.190476
1 0.850000 0.869048 0.153333 0.261905
1 0.945000 0.702381 0.110000 0.273810
1 0.400000 0.922619 0.126667 0.107143
1 0.325000 0.928571 0.130000 0.095238
1 0.226667 0.288690 0.273333 0.172619
1 0.123333 0.880952 0.126667 0.238095
1 0.151667 0.684524 0.136667 0.178571
1 0.608333 0.163690 0.183333 0.160714
1 0.796667 0.235119 0.133333 0.113095
1 0.883333 0.455357 0.080000 0.101190
1 0.936667 0.366071 0.093333 0.089286
