1 0.484556 0.502577 0.088803 0.221649
1 0.310811 0.628866 0.158301 0.257732
1 0.129344 0.902062 0.204633 0.154639
1 0.135135 0.806701 0.262548 0.170103
1 0.314672 0.850515 0.096525 0.298969
1 0.465251 0.698454 0.096525 0.118557
1 0.486486 0.832474 0.138996 0.293814
1 0.546332 0.639175 0.111969 0.185567
1 0.644788 0.845361 0.092664 0.309278
1 0.731660 0.494845 0.096525 0.226804
1 0.650579 0.577320 0.196911 0.185567
1 0.888031 0.842784 0.216216 0.170103
1 0.843629 0.739691 0.173745 0.118557
1 0.144788 0.298969 0.235521 0.144330
1 0.316602 0.319588 0.193050 0.144330
1 0.623552 0.280928 0.166023 0.077320
1 0.884170 0.458763 0.154440 0.113402
1 0.847490 0.286082 0.189189 0.077320
1 0.117761 0.711340 0.212355 0.216495
