1 0.715000 0.827425 0.427500 0.173507
1 0.443125 0.852612 0.063750 0.070896
1 0.156250 0.808769 0.150000 0.095149
1 0.038125 0.758396 0.061250 0.069030
1 0.180625 0.706157 0.283750 0.139925
1 0.016250 0.584888 0.030000 0.080224
1 0.036250 0.527985 0.070000 0.070896
1 0.075000 0.499067 0.037500 0.031716
1 0.261250 0.516791 0.210000 0.194030
1 0.080000 0.426306 0.117500 0.069030
1 0.032500 0.347948 0.062500 0.110075
1 0.105625 0.372201 0.101250 0.069030
1 0.151250 0.412313 0.067500 0.059701
1 0.182500 0.342351 0.140000 0.050373
1 0.244375 0.412313 0.146250 0.082090
1 0.303750 0.460821 0.087500 0.059701
1 0.211875 0.293843 0.196250 0.080224
1 0.355000 0.336754 0.107500 0.050373
1 0.423750 0.377799 0.120000 0.083955
1 0.405000 0.441231 0.107500 0.080224
1 0.426875 0.519590 0.086250 0.087687
1 0.493750 0.595149 0.137500 0.149254
1 0.399375 0.636194 0.176250 0.097015
1 0.421875 0.703358 0.083750 0.074627
1 0.472500 0.732276 0.097500 0.054104
1 0.645000 0.642724 0.145000 0.173507
1 0.740625 0.633396 0.131250 0.087687
1 0.891250 0.649254 0.162500 0.089552
1 0.966250 0.633396 0.067500 0.065299
1 0.980000 0.700560 0.040000 0.076493
1 0.969375 0.789179 0.061250 0.067164
1 0.985000 0.880597 0.030000 0.085821
1 0.813125 0.507463 0.106250 0.123134
1 0.733125 0.528918 0.118750 0.076493
1 0.909375 0.449627 0.066250 0.067164
1 0.931875 0.384328 0.136250 0.074627
1 0.760625 0.386194 0.216250 0.138060
1 0.631250 0.344216 0.067500 0.076493
1 0.568750 0.381530 0.077500 0.050373
1 0.520625 0.347015 0.158750 0.059701
1 0.182500 0.205224 0.200000 0.089552
1 0.351875 0.234142 0.131250 0.076493
1 0.490625 0.213619 0.118750 0.080224
1 0.566250 0.182836 0.095000 0.055970
1 0.616250 0.233209 0.065000 0.055970
1 0.669375 0.214552 0.068750 0.037313
1 0.719375 0.241604 0.133750 0.046642
1 0.732500 0.176306 0.097500 0.061567
1 0.908125 0.270522 0.131250 0.070896
1 0.828125 0.299440 0.113750 0.054104
1 0.743750 0.306903 0.090000 0.069030
1 0.940000 0.175373 0.107500 0.089552
1 0.819375 0.166045 0.136250 0.059701
1 0.062500 0.158582 0.122500 0.085821
1 0.206250 0.094216 0.067500 0.050373
1 0.350625 0.160448 0.106250 0.059701
1 0.350625 0.089552 0.076250 0.063433
1 0.341250 0.039179 0.075000 0.063433
1 0.410000 0.078358 0.090000 0.052239
1 0.463750 0.049440 0.117500 0.080224
1 0.119375 0.085821 0.036250 0.052239
1 0.541875 0.110075 0.121250 0.055970
1 0.597500 0.149254 0.075000 0.055970
1 0.827500 0.106343 0.085000 0.067164
1 0.941875 0.107276 0.101250 0.057836
1 0.640000 0.084888 0.140000 0.069030
