3 0.385385 0.422153 0.198462 0.177638
3 0.612692 0.539185 0.191538 0.227795
3 0.627308 0.728840 0.128462 0.203762
3 0.323077 0.708464 0.143077 0.167189
3 0.283846 0.502612 0.180000 0.215256
3 0.254615 0.267503 0.176923 0.167189
3 0.355385 0.195402 0.195385 0.154650
3 0.465000 0.312957 0.182308 0.151515
3 0.704231 0.389760 0.156154 0.188088
3 0.564231 0.231975 0.170000 0.163009
3 0.480769 0.150993 0.132308 0.164054
3 0.586154 0.120690 0.135385 0.128527
3 0.693462 0.183908 0.133077 0.167189
3 0.531154 0.739289 0.123846 0.155695
3 0.429615 0.752874 0.123846 0.122257
