3 0.086563 0.687563 0.171875 0.345804
3 0.263437 0.693124 0.233125 0.310415
3 0.361563 0.790192 0.199375 0.265925
3 0.500000 0.514156 0.417500 0.371082
3 0.790938 0.793731 0.246875 0.238625
3 0.709375 0.481800 0.107500 0.120324
3 0.789062 0.610212 0.098125 0.132457
3 0.820625 0.665824 0.092500 0.134479
3 0.869688 0.565723 0.063125 0.124368
3 0.822500 0.494439 0.072500 0.135490
3 0.931250 0.451466 0.081250 0.148635
3 0.865938 0.419110 0.104375 0.110212
3 0.877500 0.367543 0.093750 0.081901
3 0.870625 0.296259 0.105000 0.111223
3 0.866875 0.160768 0.073750 0.163802
3 0.909687 0.181496 0.063125 0.152679
3 0.779687 0.215369 0.161875 0.428716
3 0.502812 0.125885 0.224375 0.249747
3 0.437188 0.265420 0.186875 0.269970
3 0.158438 0.216886 0.315625 0.431749
3 0.239063 0.266936 0.336875 0.531850
3 0.419687 0.637513 0.618125 0.407482
