2 0.412548 0.643229 0.178707 0.255208
2 0.583650 0.653646 0.193916 0.276042
2 0.631179 0.731771 0.121673 0.223958
2 0.711027 0.744792 0.136882 0.229167
2 0.838403 0.807292 0.178707 0.229167
2 0.935361 0.843750 0.129278 0.156250
2 0.249049 0.794271 0.163498 0.192708
2 0.182510 0.533854 0.159696 0.203125
2 0.249049 0.648438 0.140684 0.161458
2 0.121673 0.770833 0.144487 0.145833
2 0.066540 0.562500 0.125475 0.197917
2 0.089354 0.427083 0.110266 0.156250
2 0.355513 0.138021 0.346008 0.161458
2 0.680608 0.395833 0.479087 0.468750
2 0.539924 0.393229 0.562738 0.463542
2 0.404943 0.848958 0.133080 0.145833
2 0.498099 0.877604 0.159696 0.130208
