3 0.204839 0.653374 0.235484 0.411043
3 0.254839 0.355828 0.245161 0.404908
3 0.319355 0.558282 0.174194 0.417178
3 0.472581 0.631902 0.229032 0.392638
3 0.358065 0.843558 0.361290 0.312883
3 0.746774 0.245399 0.209677 0.269939
3 0.556452 0.205521 0.274194 0.239264
3 0.619355 0.438650 0.251613 0.361963
3 0.075806 0.760736 0.138710 0.257669
3 0.062903 0.325153 0.119355 0.355828
3 0.353226 0.128834 0.325806 0.245399
3 0.885484 0.478528 0.074194 0.098160
3 0.916129 0.524540 0.058065 0.079755
3 0.924194 0.582822 0.054839 0.085890
3 0.941935 0.644172 0.038710 0.085890
3 0.974194 0.671779 0.051613 0.067485
3 0.983871 0.730061 0.032258 0.073620
3 0.856452 0.745399 0.074194 0.104294
3 0.822581 0.616564 0.122581 0.153374
