1 0.480385 0.375523 0.308462 0.290795
1 0.590000 0.173640 0.195385 0.209205
1 0.863077 0.298640 0.273846 0.149582
1 0.861538 0.147490 0.276923 0.184100
1 0.724615 0.406381 0.140000 0.170502
1 0.835000 0.495293 0.208462 0.162134
1 0.919615 0.621339 0.159231 0.192469
1 0.778846 0.745816 0.368462 0.328452
1 0.351154 0.639644 0.260769 0.457113
1 0.513077 0.585774 0.129231 0.211297
1 0.115000 0.339958 0.228462 0.213389
1 0.158846 0.684100 0.316154 0.154812
1 0.584231 0.618724 0.108462 0.170502
1 0.221923 0.145921 0.146923 0.157950
