3 0.343333 0.250000 0.146667 0.190476
3 0.401667 0.354167 0.203333 0.172619
3 0.438333 0.434524 0.170000 0.214286
3 0.403333 0.705357 0.180000 0.267857
3 0.533333 0.690476 0.106667 0.154762
3 0.481667 0.577381 0.110000 0.166667
3 0.661667 0.211310 0.090000 0.136905
3 0.735000 0.252976 0.090000 0.113095
3 0.758333 0.395833 0.096667 0.160714
3 0.975000 0.366071 0.050000 0.077381
3 0.968333 0.482143 0.063333 0.130952
3 0.980000 0.214286 0.040000 0.119048
3 0.978333 0.086310 0.043333 0.136905
3 0.098333 0.339286 0.090000 0.142857
3 0.203333 0.401786 0.080000 0.172619
3 0.196667 0.589286 0.193333 0.202381
3 0.271667 0.708333 0.143333 0.202381
3 0.328333 0.872024 0.183333 0.220238
3 0.125000 0.889881 0.243333 0.220238
3 0.255000 0.208333 0.096667 0.190476
3 0.536667 0.196429 0.180000 0.250000
3 0.595000 0.395833 0.136667 0.279762
3 0.836667 0.633929 0.166667 0.184524
