2 0.101370 0.586364 0.197260 0.451515
2 0.169863 0.527273 0.112329 0.442424
2 0.194521 0.737879 0.136986 0.409091
2 0.282192 0.792424 0.128767 0.384848
2 0.308219 0.812121 0.076712 0.260606
2 0.295205 0.466667 0.083562 0.248485
2 0.390411 0.430303 0.076712 0.351515
2 0.365753 0.601515 0.057534 0.269697
2 0.345205 0.730303 0.054795 0.218182
2 0.358904 0.868182 0.057534 0.239394
2 0.393836 0.878788 0.053425 0.218182
2 0.486986 0.801515 0.086301 0.372727
2 0.534932 0.466667 0.135616 0.618182
2 0.698630 0.439394 0.232877 0.812121
2 0.654110 0.793939 0.236986 0.412121
2 0.263014 0.210606 0.079452 0.378788
2 0.323973 0.224242 0.069863 0.412121
2 0.358904 0.206061 0.041096 0.406061
2 0.417123 0.225758 0.058904 0.348485
2 0.487671 0.204545 0.068493 0.403030
2 0.544521 0.215152 0.056164 0.284848
