2 0.291159 0.762987 0.173780 0.448052
2 0.701220 0.788961 0.225610 0.396104
2 0.782012 0.405844 0.210366 0.435065
2 0.637195 0.441558 0.189024 0.376623
2 0.475610 0.428571 0.164634 0.285714
2 0.318598 0.243506 0.149390 0.331169
2 0.195122 0.353896 0.170732 0.344156
2 0.074695 0.389610 0.143293 0.350649
2 0.062500 0.704545 0.118902 0.409091
2 0.167683 0.785714 0.176829 0.337662
2 0.393293 0.607143 0.158537 0.266234
2 0.303354 0.483766 0.149390 0.227273
2 0.512195 0.912338 0.189024 0.175325
2 0.920732 0.120130 0.134146 0.227273
2 0.751524 0.165584 0.155488 0.253247
