1 0.276667 0.591111 0.106667 0.248889
1 0.186667 0.660000 0.120000 0.164444
1 0.543333 0.340000 0.106667 0.093333
1 0.518333 0.522222 0.116667 0.244444
1 0.428333 0.764444 0.183333 0.213333
1 0.381667 0.824444 0.096667 0.155556
1 0.083333 0.886667 0.160000 0.208889
1 0.241667 0.922222 0.103333 0.111111
1 0.711667 0.797778 0.103333 0.146667
1 0.633333 0.708889 0.133333 0.155556
1 0.570000 0.842222 0.193333 0.120000
1 0.796667 0.668889 0.100000 0.155556
1 0.880000 0.788889 0.093333 0.226667
1 0.893333 0.428889 0.100000 0.128889
1 0.253333 0.224444 0.126667 0.128889
1 0.073333 0.066667 0.140000 0.124444
1 0.330000 0.082222 0.086667 0.120000
1 0.553333 0.164444 0.106667 0.115556
1 0.530000 0.246667 0.100000 0.093333
1 0.333333 0.360000 0.073333 0.062222
1 0.385000 0.391111 0.056667 0.106667
1 0.193333 0.462222 0.106667 0.142222
1 0.173333 0.548889 0.093333 0.084444
1 0.386667 0.584444 0.080000 0.235556
1 0.321667 0.611111 0.090000 0.146667
1 0.595000 0.395556 0.110000 0.106667
1 0.025000 0.260000 0.043333 0.173333
1 0.033333 0.586667 0.060000 0.124444
1 0.698333 0.586667 0.170000 0.204444
