2 0.258462 0.387731 0.270769 0.432870
2 0.186923 0.693287 0.256923 0.215278
2 0.413077 0.519676 0.130769 0.127315
2 0.313846 0.604167 0.141538 0.143519
2 0.581538 0.585648 0.172308 0.111111
2 0.692308 0.462963 0.092308 0.125000
2 0.607692 0.347222 0.129231 0.148148
2 0.683077 0.285880 0.123077 0.127315
2 0.738462 0.365741 0.089231 0.101852
2 0.802308 0.635417 0.103077 0.182870
2 0.816154 0.185185 0.170769 0.143519
2 0.928462 0.385417 0.143077 0.201389
2 0.796923 0.934028 0.138462 0.131944
2 0.406154 0.756944 0.153846 0.379630
2 0.291538 0.929398 0.232308 0.141204
2 0.070769 0.771991 0.138462 0.335648
2 0.071538 0.435185 0.140000 0.333333
2 0.233077 0.190972 0.198462 0.280093
2 0.343077 0.128472 0.230769 0.252315
2 0.696923 0.109954 0.233846 0.141204
2 0.945385 0.155093 0.109231 0.152778
