1 0.847826 0.713115 0.166667 0.224044
1 0.916667 0.459016 0.166667 0.207650
1 0.780797 0.412568 0.090580 0.147541
1 0.545290 0.702186 0.134058 0.136612
1 0.443841 0.628415 0.112319 0.240437
1 0.371377 0.803279 0.206522 0.251366
1 0.123188 0.393443 0.123188 0.207650
1 0.190217 0.486339 0.105072 0.120219
1 0.206522 0.603825 0.159420 0.158470
1 0.365942 0.218579 0.181159 0.163934
1 0.483696 0.270492 0.105072 0.147541
1 0.592391 0.344262 0.068841 0.109290
1 0.469203 0.450820 0.105072 0.136612
1 0.581522 0.524590 0.105072 0.185792
1 0.726449 0.125683 0.083333 0.087432
1 0.028986 0.196721 0.050725 0.174863
1 0.041667 0.453552 0.076087 0.142077
1 0.115942 0.213115 0.079710 0.098361
1 0.530797 0.087432 0.090580 0.098361
1 0.362319 0.415301 0.079710 0.109290
