3 0.437308 0.484293 0.166923 0.174869
3 0.552692 0.461257 0.157692 0.166492
3 0.486154 0.312565 0.249231 0.214660
3 0.693846 0.569110 0.160000 0.229319
3 0.878077 0.511518 0.226923 0.275393
3 0.786538 0.586911 0.188462 0.310995
3 0.736154 0.773298 0.187692 0.225131
3 0.883077 0.751309 0.233846 0.300524
3 0.331154 0.773822 0.183846 0.165445
3 0.104231 0.583770 0.170000 0.243979
3 0.211154 0.377487 0.280769 0.277487
3 0.289615 0.162827 0.382308 0.300524
3 0.710000 0.227225 0.343077 0.450262
3 0.526538 0.184293 0.297692 0.291099
3 0.613077 0.644503 0.164615 0.225131
3 0.549615 0.732461 0.386923 0.354974
