3 0.599631 0.655914 0.180812 0.236559
3 0.736162 0.787634 0.143911 0.231183
3 0.616236 0.814516 0.140221 0.177419
3 0.177122 0.811828 0.346863 0.376344
3 0.302583 0.575269 0.177122 0.236559
3 0.285978 0.422043 0.254613 0.521505
3 0.182657 0.276882 0.350554 0.532258
3 0.081181 0.529570 0.154982 0.424731
3 0.309963 0.900538 0.118081 0.166667
3 0.387454 0.758065 0.125461 0.118280
3 0.402214 0.887097 0.088561 0.215054
3 0.490775 0.862903 0.118081 0.155914
3 0.804428 0.384409 0.066421 0.080645
3 0.832103 0.475806 0.062731 0.091398
3 0.874539 0.532258 0.073801 0.096774
3 0.852399 0.655914 0.214022 0.204301
3 0.876384 0.779570 0.188192 0.172043
3 0.614391 0.346774 0.254613 0.317204
3 0.819188 0.387097 0.273063 0.301075
3 0.929889 0.473118 0.059041 0.075269
3 0.950185 0.376344 0.062731 0.075269
