2 0.060000 0.795556 0.093333 0.240000
2 0.497778 0.695556 0.177778 0.120000
2 0.306667 0.706667 0.142222 0.124444
2 0.408889 0.757778 0.151111 0.111111
2 0.464444 0.837778 0.111111 0.128889
2 0.275556 0.900000 0.168889 0.164444
2 0.106667 0.902222 0.124444 0.151111
2 0.393333 0.437778 0.120000 0.137778
2 0.564444 0.580000 0.097778 0.128889
2 0.648889 0.675556 0.106667 0.151111
2 0.626667 0.857778 0.133333 0.284444
2 0.142222 0.344444 0.080000 0.075556
2 0.042222 0.513333 0.075556 0.173333
2 0.175556 0.697778 0.111111 0.151111
2 0.168889 0.797778 0.151111 0.093333
2 0.757778 0.715556 0.146667 0.133333
2 0.871111 0.866667 0.142222 0.266667
2 0.777778 0.953333 0.160000 0.093333
2 0.526667 0.304444 0.102222 0.102222
2 0.708889 0.608889 0.111111 0.071111
2 0.248889 0.535556 0.071111 0.111111
2 0.300000 0.500000 0.066667 0.093333
2 0.324444 0.602222 0.088889 0.111111
2 0.442222 0.597778 0.084444 0.075556
2 0.608889 0.415556 0.088889 0.084444
2 0.573333 0.488889 0.151111 0.106667
2 0.822222 0.426667 0.124444 0.115556
2 0.868889 0.468889 0.111111 0.084444
2 0.724444 0.500000 0.133333 0.120000
