3 0.601250 0.526786 0.082500 0.133929
3 0.616250 0.379464 0.107500 0.107143
3 0.652500 0.430804 0.140000 0.084821
3 0.666250 0.475446 0.132500 0.138393
3 0.683750 0.558036 0.067500 0.116071
3 0.718750 0.631696 0.057500 0.093750
3 0.656250 0.662946 0.132500 0.209821
3 0.813750 0.328125 0.067500 0.093750
3 0.385000 0.765625 0.140000 0.272321
3 0.475000 0.859375 0.175000 0.236607
3 0.197500 0.808036 0.055000 0.089286
3 0.306250 0.705357 0.212500 0.535714
3 0.868750 0.180804 0.062500 0.084821
3 0.825000 0.095982 0.080000 0.120536
3 0.151250 0.522321 0.127500 0.125000
3 0.443750 0.412946 0.062500 0.102679
3 0.293750 0.267857 0.137500 0.276786
3 0.360000 0.241071 0.115000 0.196429
