2 0.356364 0.759563 0.225455 0.306011
2 0.481818 0.576503 0.178182 0.234973
2 0.598182 0.642077 0.221818 0.267760
2 0.709091 0.775956 0.240000 0.306011
2 0.810909 0.866120 0.189091 0.256831
2 0.432727 0.931694 0.167273 0.136612
2 0.590909 0.926230 0.229091 0.147541
2 0.123636 0.699454 0.152727 0.185792
2 0.074545 0.609290 0.141818 0.202186
2 0.205455 0.601093 0.163636 0.174863
2 0.090909 0.412568 0.174545 0.311475
2 0.141818 0.267760 0.181818 0.240437
2 0.207273 0.398907 0.138182 0.207650
2 0.292727 0.472678 0.105455 0.147541
2 0.398182 0.467213 0.149091 0.191257
2 0.761818 0.412568 0.476364 0.508197
