1 0.400000 0.791667 0.160000 0.154762
1 0.753333 0.586310 0.166667 0.184524
1 0.871667 0.779762 0.156667 0.190476
1 0.823333 0.898810 0.213333 0.202381
1 0.420000 0.169643 0.113333 0.184524
1 0.680000 0.169643 0.133333 0.208333
1 0.281667 0.449405 0.136667 0.136905
1 0.175000 0.464286 0.103333 0.309524
1 0.150000 0.705357 0.126667 0.148810
1 0.596667 0.455357 0.093333 0.255952
1 0.858333 0.476190 0.136667 0.416667
1 0.611667 0.857143 0.090000 0.166667
1 0.680000 0.717262 0.086667 0.148810
1 0.350000 0.580357 0.146667 0.172619
1 0.303333 0.744048 0.113333 0.190476
1 0.285000 0.303571 0.103333 0.202381
1 0.540000 0.928571 0.073333 0.119048
1 0.796667 0.199405 0.080000 0.136905
1 0.545000 0.791667 0.096667 0.154762
1 0.645000 0.592262 0.076667 0.125000
