1 0.069498 0.657216 0.131274 0.252577
1 0.608108 0.863402 0.127413 0.273196
1 0.735521 0.809278 0.135135 0.164948
1 0.781853 0.938144 0.104247 0.123711
1 0.938224 0.835052 0.123552 0.278351
1 0.515444 0.528351 0.196911 0.252577
1 0.627413 0.525773 0.135135 0.309278
1 0.781853 0.448454 0.142857 0.185567
1 0.864865 0.280928 0.177606 0.108247
1 0.552124 0.229381 0.162162 0.345361
1 0.351351 0.252577 0.262548 0.216495
1 0.289575 0.391753 0.277992 0.134021
1 0.272201 0.507732 0.150579 0.190722
1 0.252896 0.126289 0.227799 0.128866
1 0.669884 0.188144 0.119691 0.242268
1 0.498069 0.048969 0.138996 0.087629
1 0.445946 0.845361 0.235521 0.309278
1 0.185328 0.242268 0.115830 0.134021
