2 0.217143 0.776042 0.422857 0.447917
2 0.588571 0.663194 0.228571 0.194444
2 0.851429 0.661458 0.240000 0.190972
2 0.582857 0.885417 0.205714 0.222222
2 0.860000 0.878472 0.211429 0.229167
2 0.522857 0.413194 0.280000 0.305556
2 0.308571 0.414931 0.240000 0.288194
2 0.108571 0.416667 0.205714 0.256944
2 0.708571 0.420139 0.228571 0.291667
2 0.888571 0.418403 0.222857 0.267361
2 0.128571 0.138889 0.222857 0.229167
2 0.311429 0.137153 0.200000 0.204861
2 0.474286 0.123264 0.182857 0.204861
2 0.708571 0.116319 0.182857 0.204861
2 0.874286 0.126736 0.217143 0.239583
