2 0.146718 0.525773 0.239382 0.453608
2 0.357143 0.530928 0.220077 0.463918
2 0.554054 0.525773 0.250965 0.474227
2 0.762548 0.533505 0.243243 0.479381
2 0.928571 0.530928 0.142857 0.422680
2 0.888031 0.850515 0.223938 0.298969
2 0.679537 0.845361 0.216216 0.309278
2 0.488417 0.840206 0.235521 0.319588
2 0.274131 0.832474 0.231660 0.335052
2 0.100386 0.847938 0.193050 0.304124
2 0.285714 0.175258 0.223938 0.340206
2 0.478764 0.177835 0.216216 0.345361
2 0.677606 0.175258 0.227799 0.340206
2 0.882239 0.170103 0.220077 0.329897
