3 0.590712962962963 0.7771435185185186 0.19556790123456796 0.28590740740740733
3 0.6557623456790124 0.9351620370370369 0.128067901234568 0.11641666666666652
3 0.9318981481481482 0.364625 0.13436419753086434 0.37897222222222227
3 0.9711635802469137 0.5129305555555556 0.05361111111111086 0.22558333333333336
3 0.07294444444444444 0.38793518518518516 0.14588888888888887 0.46412962962962967
3 0.313108024691358 0.46399537037037036 0.25687037037037036 0.5503240740740742
3 0.7870555555555556 0.7562129629629629 0.23232098765432094 0.4725555555555556
3 0.49659259259259253 0.18195833333333333 0.35181481481481486 0.36391666666666667
3 0.2983796296296296 0.24275 0.2415740740740741 0.4855
3 0.7773117283950617 0.2825972222222222 0.19691975308641968 0.3909166666666667
3 0.6164722222222222 0.2856342592592593 0.2549444444444445 0.4978055555555555
3 0.4231728395061728 0.7027592592592592 0.23197530864197535 0.5712962962962963
3 0.3805895061728395 0.6357361111111111 0.14162345679012342 0.33030555555555563
3 0.14418827160493827 0.41743981481481485 0.2749567901234568 0.8348796296296297
3 0.45725925925925925 0.2124074074074074 0.1124444444444445 0.15874074074074074