3 0.3517416666666666 0.7259875 0.1557 0.221975
3 0.2437 0.9016625 0.09183333333333334 0.19666250000000002
3 0.0769 0.162575 0.1477 0.3251625
3 0.025383333333333334 0.29405000000000003 0.05076666666666667 0.2122625
3 0.9407249999999999 0.5978625000000001 0.08421666666666666 0.44488750000000005
3 0.6821333333333333 0.5543125 0.15925833333333334 0.498625
3 0.15551666666666666 0.6759999999999999 0.11934166666666668 0.56535
3 0.5719916666666667 0.1782 0.30621666666666664 0.28725
3 0.7556 0.29095 0.12564166666666668 0.5819
3 0.278 0.1725875 0.12989166666666668 0.3451625
3 0.43076666666666663 0.2480125 0.17096666666666666 0.4368625
3 0.5265916666666667 0.7314624999999999 0.12484166666666667 0.5370875
3 0.5818666666666666 0.687025 0.08095 0.3057125
3 0.8542 0.5804125 0.10285 0.8391625
3 0.597975 0.2509125 0.09095 0.120975