3 0.289375 0.79105 0.57875 0.4179
3 0.07805 0.477625 0.1561 0.19190000000000002
3 0.38032499999999997 0.091725 0.20145 0.18345
3 0.302825 0.26215 0.246475 0.23602499999999998
3 0.1322 0.117975 0.22774999999999998 0.210975
3 0.09512499999999999 0.313425 0.18525 0.19017499999999998
3 0.614875 0.38675 0.24225000000000002 0.123525
3 0.7092499999999999 0.104225 0.196825 0.20845
3 0.666125 0.263 0.26975 0.151
3 0.8086249999999999 0.430925 0.13805 0.12855
3 0.9 0.125475 0.2 0.1593
3 0.93355 0.292175 0.1329 0.156025
3 0.9295749999999999 0.78 0.140825 0.14654999999999999
3 0.7400749999999999 0.795775 0.07515 0.119075
3 0.94895 0.496575 0.102075 0.10397500000000001
3 0.9601999999999999 0.617 0.07957499999999999 0.156525
3 0.791325 0.715775 0.11932499999999999 0.109025
3 0.870475 0.65765 0.110975 0.10525000000000001
3 0.7656999999999999 0.9214249999999999 0.1039 0.071175
3 0.925 0.9185 0.15 0.1137