3 0.6980611827296911 0.4787899700943179 0.22190505422549617 0.36207346062418533
3 0.6807346020053202 0.6393681466145233 0.177818702680581 0.2822482938424967
3 0.8028852056476365 0.6914193696802392 0.14230611827296913 0.21134882294302573
3 0.3386075301821158 0.9031822712982133 0.18838755882954775 0.19363545740357352
3 0.10731532637609986 0.6010275285637605 0.20937180274196845 0.2785062495207422
3 0.20602107632494374 0.5100912506709608 0.15331491712707182 0.29066789356644424
3 0.49909453652547575 0.32527413541906297 0.47694904849600983 0.6069626562380185
3 0.8176232862696952 0.30539835902154744 0.36199099652138317 0.5092400889502339
3 0.46962860650705957 0.9544206732612529 0.15761203192142414 0.0911586534774941
3 0.06152547575199509 0.3436086189709378 0.12305095150399017 0.21516754850088182
3 0.30384694086351544 0.40455486542443064 0.1629322692858604 0.2501188559159574
3 0.5600624104767751 0.7047235641438541 0.18612645794966243 0.24366229583620883
3 0.6161806834458768 0.1433862433862434 0.32288725189277667 0.21506019477033972