3 0.4631882352941176 0.3422222222222222 0.04324705882352941 0.604031746031746
3 0.5572 0.3900952380952381 0.033623529411764705 0.4987301587301587
3 0.14507058823529412 0.5391111111111111 0.07369411764705883 0.5098095238095238
3 0.6998235294117647 0.37526984126984125 0.033800000000000004 0.4013333333333333
3 0.9124588235294118 0.26333333333333336 0.05083529411764706 0.1213968253968254
3 0.11087058823529411 0.45546031746031745 0.07819999999999999 0.6897777777777778
3 0.045682352941176466 0.5194920634920634 0.06271764705882353 0.4601269841269841
3 0.4263294117647059 0.3562222222222222 0.044823529411764707 0.5833968253968255
3 0.3845647058823529 0.3737142857142857 0.045223529411764704 0.5230793650793651
3 0.35545882352941177 0.4504126984126984 0.036011764705882354 0.3526984126984127
3 0.5921058823529411 0.3792380952380952 0.019105882352941174 0.44422222222222224
3 0.6138588235294117 0.3665396825396825 0.03048235294117647 0.4780634920634921
3 0.6365058823529411 0.398031746031746 0.035376470588235294 0.45746031746031746
3 0.6530823529411764 0.36444444444444446 0.027329411764705883 0.5204126984126984
3 0.6793529411764706 0.38930158730158726 0.024976470588235294 0.4749206349206349
3 0.8082588235294117 0.4607301587301587 0.038482352941176474 0.10768253968253969
3 0.8191411764705883 0.24746031746031746 0.035541176470588236 0.09387301587301587
3 0.8926705882352941 0.5586031746031747 0.034352941176470586 0.08971428571428572
3 0.8608117647058824 0.5662857142857143 0.029058823529411765 0.08285714285714287
3 0.8291411764705882 0.5355873015873016 0.03592941176470588 0.08495238095238096
3 0.8150235294117647 0.3705079365079365 0.05318823529411765 0.12723809523809523
3 0.8698235294117648 0.4514603174603175 0.054941176470588236 0.0880952380952381
3 0.8646235294117647 0.2964126984126984 0.05749411764705882 0.13568253968253968
3 0.9432470588235294 0.3995873015873016 0.03512941176470588 0.08596825396825396