3 0.5050588235294118 0.287989417989418 0.141359477124183 0.575978835978836
3 0.42673202614379085 0.4338271604938272 0.1157908496732026 0.49782480893591996
3 0.8236993464052287 0.16364491475602588 0.15260130718954262 0.32728982951205177
3 0.2948627450980392 0.5998236331569665 0.09858823529411773 0.40761904761904755
3 0.08420915032679739 0.7673603762492651 0.06726797385620915 0.17352145796590226
3 0.8403006535947711 0.14777189888301 0.18528104575163418 0.29554379776602
3 0.9102614379084967 0.07729570840681951 0.1324183006535949 0.15459141681363903
3 0.5405882352941176 0.2667136978248089 0.14 0.5334273956496178
3 0.5808366013071895 0.23476778365667256 0.13009150326797386 0.4695355673133451
3 0.6194248366013071 0.23441504997060553 0.0923660130718955 0.3658788947677837
3 0.3935294117647059 0.46820693709582595 0.09288888888888885 0.42937095825984706
3 0.3716470588235294 0.48423280423280424 0.10854901960784312 0.47503821281599057
3 0.3558954248366013 0.5410111699000587 0.10962091503267977 0.4624338624338625
3 0.3359869281045752 0.5314991181657848 0.11354248366013066 0.5103350970017638
3 0.3155424836601307 0.5870664315108759 0.103764705882353 0.4651381540270428
3 0.2096470588235294 0.8112639623750735 0.052941176470588235 0.1469958847736626
3 0.1669934640522876 0.637013521457966 0.04810457516339871 0.13074661963550863
3 0.14783006535947713 0.9653145208700764 0.04624836601307188 0.04811287477954148
3 0.1779346405228758 0.9502175191064081 0.0405751633986928 0.07303938859494381
3 0.20241830065359476 0.9038447971781305 0.04684967320261434 0.1211287477954145
3 0.18966013071895424 0.7398941798941799 0.06969934640522872 0.183233392122281
3 0.15264052287581698 0.8808583186360963 0.06470588235294118 0.147936507936508
3 0.13325490196078432 0.7364726631393298 0.07568627450980393 0.19640211640211644
3 0.0776078431372549 0.9265138154027043 0.04684967320261438 0.1211287477954145