3 0.685917256658479 0.1205150462962963 0.40954582671097617 0.2410300925925926
3 0.48892260270673793 0.07869285300925927 0.2587968983287579 0.1427879050925926
3 0.3671482926359389 0.8325448495370371 0.28351394307181044 0.21010561342592604
3 0.7063767278331647 0.5466652199074074 0.17966575157732492 0.14946469907407417
3 0.5073303472523238 0.6159866898148147 0.1519722583441699 0.1288700810185186
3 0.3022540095361942 0.5775499131944444 0.22781871598516598 0.1532913773148148
3 0.6065549294417955 0.36828342013888893 0.16159514521022972 0.15559172453703707
3 0.43955112459663825 0.5116102430555556 0.14591340365072478 0.15107783564814814
3 0.590555314742571 0.4808087384259259 0.20118479988440977 0.18640769675925928
3 0.48183306843905027 0.37900390625 0.16520733997977174 0.1410951967592593
3 0.2621971776718201 0.4271375868055556 0.22246303520685837 0.14527633101851856
3 0.37527813899725476 0.38706235532407407 0.17398256513991228 0.12484809027777777
3 0.40182054616384916 0.6440393518518519 0.1374945817078457 0.1195240162037039