3 0.1901177279367535 0.5320810018651745 0.25440405602818594 0.09528377298161468
3 0.5069777434046576 0.5288036237676526 0.39019506745724836 0.12034372501998389
3 0.8075620864483974 0.531228350652811 0.25096674400618735 0.10395683453237402
3 0.7285082065824524 0.8019650945909939 0.04812236830798294 0.3639754862776447
3 0.21711351722952651 0.22597255528910204 0.17183122797971984 0.2872501998401279
3 0.5317736530033514 0.3187583266719957 0.2655065738592419 0.23473221422861712
3 0.7699492996476757 0.26596722621902474 0.1640371229698377 0.11215027977617906
3 0.11415313225058005 0.3991473487876366 0.07611927472716333 0.1562083666400213
3 0.7972200739022085 0.3881294964028777 0.08536564406634027 0.14986677324806816
3 0.2775758356964853 0.8100186517452704 0.06173412391509846 0.3005062616573409
3 0.4145742029732749 0.8001132427391421 0.09407923004210703 0.2747135624833467
3 0.3119446592764459 0.9040434319211298 0.09212855546962274 0.10913935518252081
3 0.307153905645785 0.8136357580602185 0.09082237690126321 0.07845723421262997
3 0.30650940964166024 0.7056155075939248 0.10475208387041335 0.08153477218225406
3 0.05047263040302483 0.24575006661337595 0.08898341496949386 0.1789634958699707
3 0.19513190684884418 0.2113575806021849 0.19462060668557193 0.20305089261923795
3 0.4188020967603334 0.27958966160405013 0.194225315803042 0.12031707966959769
3 0.487174529517917 0.3011657340794031 0.08108619059895165 0.22498001598721026
3 0.9059723296382229 0.21728617106314946 0.15877803557617956 0.2249267252864375
3 0.5215605396579874 0.7559618971489475 0.12095901005413764 0.31853184119371186
3 0.5154206410586921 0.8264721556088461 0.05873506917590449 0.1582067679189983
3 0.7895033084128211 0.7886757260857982 0.04535533213027408 0.27023714361843854
3 0.8231846695883819 0.9051292299493738 0.09192231674830278 0.06597388755662152
3 0.8207914410930651 0.7987476685318411 0.1047091174701382 0.07254196642685838
3 0.8102517831056114 0.6970157207567279 0.08382744693649577 0.07062350119904073