3 0.17194615384615386 0.6161077844311378 0.1801846153846154 0.22381237524950098
3 0.14456153846153846 0.6057385229540918 0.19312307692307693 0.42024950099800396
3 0.415 0.44523952095808383 0.16906923076923075 0.41860279441117765
3 0.3883846153846154 0.7548502994011976 0.2469230769230769 0.24342315369261477
3 0.8129230769230769 0.7574451097804391 0.3741538461538461 0.29253493013972054
3 0.6023692307692308 0.15035928143712574 0.12904615384615384 0.18415169660678643
3 0.7612769230769231 0.337624750499002 0.19025384615384616 0.26006986027944107
3 0.5780615384615385 0.4142814371257485 0.15305384615384615 0.2313373253493014
3 0.8214230769230768 0.5324550898203593 0.35299230769230766 0.20582834331337327
3 0.5731461538461539 0.6001297405189621 0.08722307692307692 0.2054491017964072
3 0.05688461538461539 0.7933632734530939 0.11315384615384615 0.11607784431137724
3 0.2599461538461538 0.4158682634730539 0.07373846153846154 0.1203493013972056
3 0.8199 0.13099800399201597 0.18931538461538464 0.19174650698602794
3 0.08519230769230769 0.16792415169660677 0.0836076923076923 0.09552894211576846