3 0.4862413194444445 0.47426929125318584 0.24450954861111107 0.3350685971476601
3 0.6033203125 0.3664117997939374 0.30557725694444443 0.5563689604685212
3 0.6864366319444444 0.10698985955208504 0.3907986111111112 0.21397971910417007
3 0.3885416666666667 0.0888509299929505 0.27174479166666665 0.177701859985901
3 0.21089409722222222 0.1750447372702131 0.20414496527777776 0.28680657231169676
3 0.1447808159722222 0.45162952117564126 0.24832899305555556 0.5295808253348516
3 0.2219509548611111 0.4094951466840194 0.1684678819444445 0.3310015725828318
3 0.36588541666666663 0.3314896155306112 0.3354817708333333 0.6457892739005477
3 0.31945529513888893 0.7321186486633046 0.4325737847222222 0.5062632178298356
3 0.7402235243055556 0.5584295862480343 0.5012369791666667 0.7211105688411691
3 0.6775933159722223 0.2597744157041375 0.4885633680555555 0.519548831408275