3 0.560901057511227 0.3026167471819646 0.1138635375923512 0.2022544283413849
3 0.6441015983388865 0.49838969404186795 0.22594041238109036 0.31763285024154597
3 0.5463711429813125 0.14158615136876007 0.07811096624655953 0.14798711755233496
3 0.34069245255685937 0.23019323671497588 0.2951084069728137 0.2871980676328503
3 0.2905741465063499 0.2249194847020934 0.3087063595538172 0.37697262479871174
3 0.2057221497899464 0.6270933977455717 0.11647109952194695 0.202415458937198
3 0.31146361485344537 0.556280193236715 0.1770051668356753 0.2950885668276972
3 0.42090395480225984 0.7122785829307569 0.18166014776184272 0.4992753623188405
3 0.2868945868945869 0.8064009661835749 0.1707083876575402 0.26433172302737523
3 0.17496257665749193 0.7940418679549114 0.049717514124293774 0.08115942028985491
3 0.6980829590999083 0.24790660225442834 0.22502293688734368 0.3284219001610306
3 0.6882176831329373 0.7276972624798712 0.2679318170843595 0.4742351046698873