3 0.817 0.44044844044844045 0.196 0.17171717171717174
3 0.7636666666666667 0.27015577015577014 0.36533333333333334 0.24804824804824804
3 0.6753333333333333 0.41360491360491364 0.07466666666666667 0.11003811003811004
3 0.621 0.471028971028971 0.029333333333333333 0.09253709253709247
3 0.8216666666666667 0.5665815665815666 0.09 0.19480519480519481
3 0.8576666666666667 0.732915232915233 0.108 0.15384615384615385
3 0.7193333333333334 0.614848114848115 0.12733333333333333 0.17889517889517872
3 0.673 0.5308580308580308 0.072 0.17382617382617382
3 0.747 0.7547452547452548 0.09266666666666666 0.14899914899914912
3 0.6436666666666667 0.7475117475117475 0.126 0.24175824175824176
3 0.503 0.7392052392052392 0.11933333333333333 0.17145817145817138
3 0.5563333333333333 0.5618455618455618 0.09666666666666666 0.2111592111592112
3 0.41933333333333334 0.5247715247715248 0.11866666666666667 0.04255004255004257
3 0.3426666666666667 0.7113257113257113 0.10933333333333334 0.10297110297110303
3 0.37833333333333335 0.6953231953231953 0.11533333333333333 0.13727013727013726
3 0.37366666666666665 0.6456136456136456 0.11666666666666667 0.07940207940207944
3 0.36133333333333334 0.5964775964775966 0.11266666666666666 0.053206053206053074
3 0.38166666666666665 0.5696340696340696 0.108 0.06393606393606394
3 0.33866666666666667 0.5637510637510638 0.09933333333333333 0.07644207644207662
3 0.38766666666666666 0.40363340363340366 0.286 0.2206682206682207
3 0.5016666666666667 0.2506197506197506 0.25333333333333335 0.3497243497243497
3 0.37966666666666665 0.11148111148111149 0.08466666666666667 0.11259111259111258
3 0.344 0.17543567543567543 0.09733333333333333 0.12128612128612128
3 0.3006666666666667 0.08561808561808562 0.07933333333333334 0.13127613127613127
3 0.2796666666666667 0.08794908794908796 0.03266666666666666 0.11569911569911573
3 0.251 0.14330114330114332 0.06066666666666667 0.10226810226810223
3 0.17266666666666666 0.15194065194065196 0.1 0.09446109446109446
3 0.18233333333333332 0.29333629333629335 0.2693333333333333 0.26569726569726565
3 0.21233333333333335 0.4743219743219743 0.21066666666666667 0.20749620749620748
3 0.15966666666666668 0.5952750952750954 0.056666666666666664 0.08406408406408418
3 0.14233333333333334 0.6517556517556518 0.064 0.10045510045510056
3 0.25233333333333335 0.6184001184001183 0.04466666666666667 0.07340807340807322
3 0.21 0.6230436230436232 0.05533333333333333 0.09597809597809581
3 0.25866666666666666 0.6986716986716986 0.048666666666666664 0.0956080956080956
3 0.18933333333333333 0.7138047138047138 0.05733333333333333 0.08709808709808713
3 0.15333333333333332 0.7417767417767417 0.04133333333333333 0.07122507122507124
3 0.21933333333333332 0.8068783068783069 0.35533333333333333 0.1775631775631777
3 0.2753333333333333 0.919025419025419 0.4106666666666667 0.16194916194916192