3 0.8542534722222221 0.2518415637860082 0.2914930555555556 0.4656584362139918
3 0.374375 0.2725617283950617 0.398125 0.535082304526749
3 0.5750752314814814 0.09298353909465021 0.2998495370370371 0.16333333333333333
3 0.3347685185185185 0.1561522633744856 0.22733796296296296 0.30020576131687243
3 0.7154282407407407 0.5081069958847736 0.25129629629629624 0.4257407407407407
3 0.5578472222222223 0.28156378600823045 0.3624305555555555 0.5424691358024691
3 0.4618055555555555 0.6793415637860082 0.3336342592592593 0.5722427983539095
3 0.26546875 0.6825102880658436 0.32549768518518524 0.560925925925926
3 0.2623611111111111 0.8093004115226338 0.43618055555555557 0.3813991769547326
3 0.17274305555555555 0.4978497942386831 0.3454861111111111 0.5783744855967078
3 0.8684895833333333 0.4607098765432099 0.25135416666666677 0.48125514403292174
3 0.6436863425925926 0.5284567901234568 0.18752314814814816 0.3269135802469135