3 0.3420116194625999 0.06674473067915691 0.24734931009440808 0.13348946135831383
3 0.5658073105785524 0.10772833723653395 0.12634955216654567 0.17096018735362997
3 0.5968712176228516 0.04800936768149883 0.0017308157831034418 0.00234192037470726
3 0.25347978697651896 0.0936768149882904 0.14663519728879207 0.1873536299765808
3 0.46514161220043576 0.2107728337236534 0.1159646574679254 0.15690866510538642
3 0.4436092955700799 0.059718969555035126 0.1748729121278141 0.11943793911007025
3 0.5110869038973614 0.04800936768149883 0.07913338174776083 0.09601873536299765
3 0.9075587024933431 0.5562060889929742 0.14963689179375456 0.25995316159250587
3 0.08187484870491407 0.5292740046838408 0.15962236746550473 0.22482435597189696
3 0.7700496247881868 0.9180327868852459 0.1489348825950133 0.16393442622950818
3 0.7832244008714597 0.5796252927400468 0.13779956427015239 0.2107728337236534
3 0.6360748002904866 0.8782201405152225 0.1979786976519003 0.24355971896955503
3 0.26740498668603246 0.6065573770491803 0.12952069716775597 0.1686182669789227
3 0.5370188816267247 0.42857142857142855 0.1737593802953281 0.2505854800936768
3 0.6824800290486566 0.6252927400468384 0.15895666908738804 0.24824355971896955
3 0.44623577826192207 0.905152224824356 0.20065359477124176 0.18969555035128804
3 0.8326615831517792 0.3126463700234192 0.1205761316872429 0.14988290398126464
3 0.8558823529411764 0.4426229508196721 0.0746187363834424 0.1053864168618267
3 0.6311849431130477 0.522248243559719 0.16086903897361415 0.2154566744730679
3 0.7570200919874123 0.7786885245901639 0.1760590656015493 0.22716627634660422
3 0.34388162672476397 0.2388758782201405 0.175683853788429 0.2576112412177986
3 0.3693476155894456 0.5714285714285714 0.265686274509804 0.3793911007025761
3 0.35380658436213996 0.7892271662763466 0.17788671023965144 0.23185011709601874
3 0.5021665456305979 0.6194379391100703 0.17788671023965144 0.23185011709601874
3 0.7441176470588234 0.3793911007025761 0.21345921084483185 0.26229508196721313
3 0.5173868312757202 0.9824355971896955 0.11419753086419757 0.0351288056206089
3 0.837164124909223 0.6779859484777517 0.12154442023723082 0.17330210772833723
3 0.246520213023481 0.2224824355971897 0.08856209150326795 0.12646370023419204
3 0.11836722343258291 0.3185011709601874 0.21086903897361417 0.2786885245901639
3 0.2176167998063423 0.44730679156908665 0.24616315662067298 0.34192037470725994
3 0.2371338658920358 0.7459016393442623 0.16356814330670538 0.24121779859484777
3 0.4682643427741467 0.37236533957845436 0.08980876301137734 0.117096018735363
3 0.6004780924715565 0.6721311475409836 0.12135076252723309 0.1686182669789227
3 0.5268518518518519 0.832552693208431 0.10355846042120545 0.13348946135831383