3 0.9235011574074073 0.5497222222222222 0.15299768518518525 0.6006790123456791
3 0.48577546296296303 0.1587037037037037 0.38826388888888885 0.24851851851851847
3 0.7480613425925926 0.10260802469135803 0.2833912037037038 0.20521604938271606
3 0.4836458333333333 0.04271604938271605 0.22979166666666662 0.0854320987654321
3 0.7034895833333333 0.6976851851851852 0.18638888888888888 0.31549382716049384
3 0.6426909722222222 0.33317901234567904 0.292326388888889 0.3946296296296296
3 0.4407465277777778 0.5996604938271606 0.24453703703703694 0.43160493827160484
3 0.27502893518518523 0.4130246913580246 0.2351157407407408 0.4284567901234567
3 0.17402777777777778 0.6852469135802468 0.32070601851851854 0.5983950617283951
3 0.24365740740740743 0.1799074074074074 0.2810648148148148 0.3598148148148148
3 0.8601446759259259 0.8096296296296297 0.21929398148148138 0.3223456790123457
3 0.6377430555555555 0.6460802469135802 0.13229166666666678 0.25506172839506164