3 0.8759561849431131 0.6556596409055426 0.22375938029532794 0.3137826350941105
3 0.6512345679012346 0.8184317807268626 0.10940450254175739 0.15569433602220498
3 0.8673081578310338 0.48131667967733544 0.12642217380779475 0.18865469685141814
3 0.6597191963205036 0.645077630323532 0.10257806826434286 0.1415734235406367
3 0.790758896151053 0.7467083008066614 0.15809731299927365 0.21942926533090465
3 0.7235899297990801 0.7954202446005725 0.06907528443476155 0.10141382600398997
3 0.16888162672476398 0.9183797380518692 0.15035100459937062 0.16081186572989842
3 0.7321592834664731 0.06905195593720184 0.13372064875332845 0.13810391187440368
3 0.061238198983297014 0.5671870934166016 0.12247639796659403 0.1816809784022899
3 0.2475248123940934 0.7887674559805707 0.10566448801742916 0.2118483823401857
3 0.16414911643669813 0.43610026888715414 0.16420963447107237 0.27802931737357967
3 0.5685487775357057 0.1953248330297511 0.11738077947228272 0.14641339231503167
3 0.4915456305979182 0.6012056553040159 0.14219317356572242 0.24033307311995847
3 0.2871459694989107 0.6502038338103912 0.11955942870975554 0.25179980917685824
3 0.2622004357298475 0.19740654002949087 0.17838295812152025 0.2524243212767803
3 0.363919147906076 0.9666493191083354 0.11232147179859601 0.05972764333420059
3 0.27609537642217374 0.9476797640732068 0.06085693536673924 0.09898516783762681
3 0.3786008230452675 0.6515742909185532 0.14122488501573469 0.19349466562581327
3 0.1540970709271363 0.645762858877613 0.15929557007988385 0.19836932951687047
3 0.7232752360203341 0.4945528666840142 0.14238683127572016 0.24970075461878738
3 0.5216715081094165 0.32928267846300635 0.21987412248850155 0.3629109202879695
3 0.41024570321955944 0.187639864689045 0.1609779714354877 0.20072859744990892
3 0.4080670539820867 0.4510712117269494 0.16102638586298715 0.2030705178246162
3 0.38325465988864676 0.8610807528840315 0.20216654563059794 0.21755572903113868
3 0.1597373517308158 0.2148842050481395 0.098160251755023 0.16494058461271577
3 0.15758290970709274 0.7932344522508457 0.1030137981118373 0.16265070691300204
3 0.7964112805616074 0.39426663197155 0.07277898813846541 0.12252580449301767
3 0.8258533042846768 0.19493451296729986 0.18809005083514882 0.2478445658773528
3 0.6894819656257565 0.23267412611674906 0.20910191236988618 0.31596842744383724
3 0.5109900750423626 0.098317286841877 0.1316146211571048 0.196634573683754
3 0.5676289034132171 0.5559111805013445 0.0821955942870974 0.10389452684534639
3 0.31494190268700073 0.5304970075461879 0.10455095618494309 0.15798421372191856
3 0.2736383442265795 0.35533003729725043 0.09387557492132659 0.11572556162720095