4 0.20799212598425196 0.45611764705882357 0.18669291338582678 0.28005882352941175
4 0.9214960629921259 0.5726176470588236 0.15700787401574803 0.41114705882352937
4 0.6648818897637795 0.059500000000000004 0.23431102362204725 0.11900000000000001
4 0.07074803149606299 0.6706764705882353 0.13793307086614173 0.30920588235294116
4 0.751751968503937 0.8599411764705882 0.16133858267716533 0.27597058823529413
4 0.18726377952755904 0.8668529411764706 0.2239763779527559 0.26626470588235296
4 0.9287204724409449 0.8786176470588236 0.14257874015748032 0.24273529411764705
4 0.419251968503937 0.886470588235294 0.18401574803149606 0.22705882352941179
4 0.5727755905511811 0.9413823529411764 0.1708464566929134 0.11726470588235294
4 0.34393700787401577 0.12464705882352942 0.21710629921259844 0.24926470588235294
4 0.13413385826771654 0.17052941176470587 0.17911417322834644 0.25791176470588234
4 0.8311220472440944 0.17702941176470588 0.23135826771653545 0.34541176470588236