4 0.6525555555555556 0.6353971232020011 0.3034259259259258 0.43214509068167595
4 0.45812037037037034 0.8281425891181988 0.22022222222222226 0.2799249530956849
4 0.7074722222222222 0.4688555347091933 0.18669444444444452 0.28217636022514075
4 0.47508796296296296 0.6380863039399626 0.25120370370370365 0.37085678549093193
4 0.54825 0.5045653533458412 0.19957407407407401 0.324577861163227
4 0.6049398148148148 0.36704190118824265 0.23516666666666652 0.34308943089430893
4 0.7411620370370371 0.17373358348968104 0.28982407407407407 0.3474671669793621
4 0.2555324074074074 0.6713570981863666 0.23980555555555555 0.3659787367104439
4 0.4348842592592592 0.4462163852407755 0.2224444444444444 0.33621013133208255
4 0.5989814814814814 0.2320200125078174 0.18764814814814812 0.27479674796747966
4 0.4844675925925926 0.14459036898061287 0.18639814814814812 0.27467166979362095
4 0.38952777777777775 0.2350844277673546 0.2387777777777778 0.3714821763602251