4 0.4261296296296297 0.7383989993746092 0.3004907407407407 0.4334792578695018
4 0.24171759259259257 0.47836147592245154 0.22774074074074072 0.3298728371899104
4 0.5452268518518518 0.7985824473629352 0.19066666666666662 0.27617260787992504
4 0.38822222222222225 0.4738795080258495 0.2528981481481482 0.3663122785074004
4 0.4898657407407407 0.5662705857827809 0.2106018518518519 0.30681676047529705
4 0.5910972222222223 0.6324160933917031 0.23561111111111116 0.33950385657702725
4 0.7776527777777779 0.7929226599958307 0.30063888888888873 0.4141546800083387
4 0.3224722222222222 0.16814675839066082 0.24494444444444444 0.32295184490306444
4 0.5054027777777778 0.3906608296852199 0.2264166666666668 0.3279549718574108
4 0.677486111111111 0.607191994996873 0.18801851851851845 0.272336877214926
4 0.7121388888888889 0.42566187200333544 0.18794444444444453 0.2704607046070461
4 0.6333518518518519 0.29562226391494684 0.2462777777777778 0.35672295184490305