4 0.5302125 0.23114446529080676 0.234425 0.24881801125703565
4 0.2874875 0.23196998123827392 0.1489625 0.23380863039399627
4 0.6404875 0.3122514071294559 0.1271875 0.1900562851782364
4 0.38885 0.3921200750469043 0.17947500000000002 0.23724202626641652
4 0.5006499999999999 0.4306941838649156 0.1114 0.2568855534709193
4 0.6006625 0.4880112570356473 0.17305 0.21151969981238272
4 0.8072624999999999 0.5564540337711069 0.18017499999999997 0.33242026266416513
4 0.20236249999999997 0.5672795497185741 0.1592625 0.254015009380863
4 0.434825 0.580844277673546 0.1519625 0.22692307692307692
4 0.6503375 0.5997936210131332 0.1385625 0.16896810506566604
4 0.5957875 0.7745028142589119 0.13442500000000002 0.17375234521575986
4 0.483725 0.7899061913696059 0.150225 0.2679924953095685