4 0.554491991991992 0.5047058823529411 0.6224974974974974 0.9905882352941177
4 0.6981356356356356 0.7484967320261438 0.31519019019019023 0.5030065359477125
4 0.27208458458458457 0.6511764705882354 0.3741241241241242 0.6081045751633987
4 0.4134134134134134 0.8584313725490196 0.22922922922922923 0.28313725490196073
4 0.06631631631631632 0.18183006535947713 0.13088088088088087 0.2813071895424837
4 0.09171671671671672 0.18575163398692812 0.18268268268268267 0.3362091503267974
4 0.18699949949949948 0.22176470588235295 0.10160160160160162 0.17437908496732027
4 0.19288038038038038 0.33954248366013073 0.19256756756756757 0.3248366013071895
4 0.16016016016016016 0.46758169934640526 0.17505005005005003 0.29477124183006537
4 0.3261386386386386 0.5739215686274509 0.16441441441441437 0.27084967320261427
4 0.1898148148148148 0.1954248366013072 0.2238488488488488 0.3671895424836602
4 0.254004004004004 0.2772549019607843 0.2274774774774774 0.3790849673202614
4 0.3101851851851852 0.3 0.1714214214214215 0.28287581699346415
4 0.34309309309309305 0.3394771241830065 0.20295295295295296 0.3369934640522876
4 0.4155405405405405 0.4128104575163399 0.1506506506506507 0.2585620915032679
4 0.38488488488488487 0.2411764705882353 0.19256756756756757 0.32483660130718955
4 0.42592592592592593 0.1869281045751634 0.14001501501501507 0.23464052287581696
4 0.2252252252252252 0.03516339869281046 0.13288288288288283 0.058039215686274515
4 0.28322072072072074 0.06385620915032679 0.12049549549549556 0.11045751633986929
4 0.33095595595595595 0.08627450980392157 0.11461461461461461 0.15137254901960784
4 0.3803178178178178 0.10581699346405228 0.09822322322322323 0.1742483660130719