4 0.4560810810810811 0.5092156862745097 0.5945945945945946 0.9815686274509804
4 0.3091216216216216 0.7358823529411764 0.2939189189189189 0.5282352941176471
4 0.7364864864864865 0.7188235294117648 0.36824324324324326 0.5623529411764705
4 0.5929054054054054 0.8866666666666667 0.22635135135135134 0.2266666666666665
4 0.9425675675675675 0.3270588235294118 0.11486486486486487 0.2956862745098039
4 0.9155405405405406 0.3298039215686274 0.16891891891891891 0.3490196078431373
4 0.8260135135135135 0.33999999999999997 0.0945945945945946 0.18156862745098043
4 0.8192567567567568 0.45392156862745103 0.1858108108108108 0.33333333333333326
4 0.8513513513513513 0.5929411764705882 0.16891891891891891 0.30784313725490203
4 0.6841216216216216 0.6558823529411765 0.15878378378378377 0.2772549019607843
4 0.8226351351351351 0.3131372549019608 0.2195945945945946 0.37843137254901965
4 0.7584459459459459 0.3792156862745098 0.22297297297297297 0.3905882352941177
4 0.7010135135135135 0.38725490196078427 0.16891891891891891 0.29019607843137263
4 0.668918918918919 0.41882352941176465 0.19594594594594594 0.35215686274509805
4 0.5962837837837838 0.4750980392156863 0.14527027027027026 0.2698039215686275
4 0.6283783783783784 0.3111764705882353 0.1858108108108108 0.33333333333333337
4 0.5861486486486487 0.2445098039215686 0.13513513513513514 0.23921568627450976
4 0.7871621621621622 0.13254901960784313 0.12837837837837837 0.0972549019607843
4 0.731418918918919 0.14666666666666667 0.11824324324324324 0.13725490196078433
4 0.6841216216216216 0.16176470588235295 0.11148648648648649 0.17764705882352944
4 0.6351351351351351 0.17666666666666667 0.09121621621621621 0.18117647058823533