5 0.10434640522875817 0.795 0.20869281045751634 0.4100245098039215
5 0.28880718954248363 0.7739950980392157 0.20181372549019608 0.4520343137254902
5 0.44795751633986924 0.8632598039215685 0.1932843137254902 0.27345588235294116
5 0.6112418300653595 0.9000245098039216 0.1487418300653595 0.1999264705882353
5 0.777140522875817 0.7311029411764707 0.20740196078431375 0.5378186274509804
5 0.9190032679738561 0.7030882352941177 0.1619934640522876 0.5938480392156863
5 0.5131699346405229 0.5281617647058824 0.2700326797385621 0.6116421568627451
5 0.3040522875816994 0.3720343137254902 0.20660130718954248 0.43946078431372554
5 0.09367647058823529 0.37497549019607845 0.18736928104575162 0.5153431372549019
5 0.2168300653594771 0.2172549019607843 0.20957516339869278 0.4345098039215686
5 0.43978758169934634 0.2144362745098039 0.20964052287581703 0.4253921568627451
5 0.6807843137254902 0.24730392156862746 0.2387908496732026 0.49463235294117647
5 0.8865686274509804 0.22350490196078432 0.20215686274509803 0.44700980392156864