5 0.12714839022028565 0.45703522149600584 0.2391914790607601 0.531717501815541
5 0.24728274025659644 0.5922748729121278 0.34992737835875093 0.5733115468409588
5 0.3613350278382958 0.7981481481481482 0.27500605180343746 0.4037037037037037
5 0.4927620430888405 0.9081336238198983 0.2045993706124426 0.18373275236020356
5 0.6901113531832487 0.8214506172839506 0.3785282014040183 0.35709876543209873
5 0.8222343258290971 0.8669117647058823 0.3555313483418059 0.26617647058823535
5 0.5227426773178407 0.5789034132171387 0.4701282982328734 0.7720588235294118
5 0.38502178649237473 0.2870098039215686 0.34847494553376906 0.5365468409586056
5 0.20093802953280077 0.202260348583878 0.3528564512224643 0.4001633986928105
5 0.3598099733720649 0.18463144517066088 0.3405349794238683 0.3355664488017429
5 0.5558641975308641 0.28387799564270155 0.34375453885257806 0.4994916485112564
5 0.7585330428467684 0.48873456790123454 0.3981965625756475 0.6411038489469862
5 0.8872972645848463 0.639633260711692 0.22540547083030754 0.5602759622367466