5 0.40679999999999994 0.37546608874440834 0.3369074074074074 0.49843016309632965
5 0.2938537037037037 0.19819121447028423 0.3072925925925927 0.39638242894056847
5 0.2708722222222222 0.0841543719263149 0.30925555555555556 0.1683087438526298
5 0.15725 0.21740435108777195 0.3145 0.4348087021755439
5 0.19165000000000001 0.5129143396960352 0.38330000000000003 0.6785974271345613
5 0.3632796296296297 0.7500736295184907 0.32655185185185176 0.489205634742019
5 0.5127925925925926 0.8539329276763635 0.29257777777777777 0.27408518796365744
5 0.592161111111111 0.5962046067072324 0.37321111111111116 0.532216387430191
5 0.4927055555555555 0.14929287877524938 0.33558888888888894 0.29858575755049876
5 0.6886240740740741 0.21554833152732625 0.25824814814814817 0.35352171376177377
5 0.6371185185185185 0.38758578533522275 0.31253333333333333 0.42518407379622697
5 0.8538574074074075 0.37040093356672504 0.2706333333333332 0.36354088522130534
5 0.8441537037037038 0.5654941513156067 0.2835444444444445 0.4627656914228556
5 0.7306962962962963 0.7756355755605568 0.44438518518518527 0.42436720291183916