5 0.2220859655642264 0.9175705467372135 0.21644989471076428 0.1648589065255731
5 0.437631611544655 0.8265652557319224 0.32647095255790914 0.3468694885361551
5 0.4503530286138982 0.7124559082892417 0.27395020438498696 0.40661375661375654
5 0.7686114207853338 0.15978835978835979 0.16177381394772702 0.24620811287477953
5 0.8520376563854825 0.11946649029982363 0.12870060696147667 0.1553350970017637
5 0.8959370741979439 0.410978835978836 0.19385606342128073 0.3073192239858906
5 0.7277715842933236 0.6316798941798941 0.29656880961228776 0.3840388007054673
5 0.9262108262108263 0.5079805996472663 0.12538089929394255 0.25617283950617287
5 0.7989594946116685 0.7576719576719577 0.208992939427722 0.2605820105820105
5 0.7763408893843677 0.7326278659611992 0.23064536108014377 0.30925925925925923
5 0.7342499690325778 0.688668430335097 0.1751517403691317 0.24691358024691365
5 0.3420661464139725 0.6441358024691358 0.16177381394772702 0.24620811287477956
5 0.48907469342251947 0.45511463844797173 0.2066394153350675 0.29016754850088183
5 0.6041372476155085 0.16900352733686066 0.2298525950699864 0.2854497354497354
5 0.3551467855815682 0.25127865961199297 0.16432552954292082 0.22257495590828924
5 0.5187662578966927 0.11679894179894179 0.19992567818654772 0.18880070546737215
5 0.48125851604112474 0.23705908289241626 0.19935587761674708 0.271957671957672
5 0.7004583178496222 0.4960758377425044 0.22356001486436267 0.29700176366843034
5 0.8333085593955158 0.2794753086419753 0.13972500929022666 0.185626102292769
5 0.7272513315991578 0.34543650793650793 0.16885916016350816 0.25846560846560845
5 0.7047565960609439 0.2160493827160494 0.10353028613898167 0.20154320987654323
5 0.5527437136132788 0.35412257495590826 0.07813699987613014 0.14078483245149917
5 0.3121887774061687 0.5352292768959435 0.14329245633593457 0.292768959435626
5 0.4081382385730212 0.3703483245149912 0.20250216771955895 0.26618165784832454
5 0.8235228539576366 0.07026014109347442 0.12552954292084717 0.060097001763668424
1 0.5348445435401957 0.33827160493827163 0.22571534745447785 0.2614638447971781
5 0.14678558156819024 0.7232804232804233 0.10372847764152114 0.20749559082892416
5 0.26402824228911187 0.77418430335097 0.08227424749163878 0.16477072310405635
5 0.2027622940666419 0.7023809523809523 0.10293571163136378 0.18368606701940035
5 0.2423138857921467 0.6716710758377424 0.092109500805153 0.15934744268077594
5 0.2626904496469714 0.6131172839506173 0.06770717205499822 0.12835097001763665