5 0.2716462281679673 0.06448412698412699 0.21256038647342992 0.12896825396825398
5 0.4776662950575994 0.1625 0.32225938312894836 0.325
5 0.4777406168710516 0.2523809523809524 0.2693422519509476 0.44206349206349205
5 0.7446674098848012 0.8061507936507937 0.16313638052768487 0.22738095238095232
5 0.8209587513935341 0.8476190476190475 0.12842809364548488 0.12222222222222204
5 0.8961352657004832 0.5771825396825397 0.19450018580453365 0.3321428571428572
5 0.7453363062058714 0.35138888888888886 0.2858416945373468 0.4261904761904762
5 0.9339650687476776 0.48948412698412697 0.12032701597919021 0.27579365079365087
5 0.8270531400966183 0.22579365079365082 0.20066889632107024 0.2912698412698413
5 0.8016722408026755 0.25257936507936507 0.22133036046079535 0.3412698412698412
5 0.7577480490523969 0.2934523809523809 0.17034559643255295 0.2698412698412699
5 0.36339650687476777 0.316468253968254 0.156893348197696 0.26230158730158726
5 0.49453734671125976 0.5119047619047619 0.2010405053883314 0.32103174603174606
5 0.5828316610925307 0.7956349206349207 0.22742474916387959 0.29444444444444456
5 0.3434782608695652 0.7081349206349207 0.1600148643626904 0.2448412698412698
5 0.4937198067632851 0.8448412698412698 0.19635823114083983 0.21349206349206354
5 0.46677814938684503 0.7291666666666666 0.1940542549238202 0.2964285714285715
5 0.7052768487551097 0.4839285714285715 0.21449275362318837 0.32857142857142857
5 0.8193608324043107 0.7081349206349207 0.13608324043106645 0.20039682539682552
5 0.7200668896321071 0.6367063492063492 0.16714975845410623 0.28134920634920624
5 0.6867707172054998 0.7625 0.10278706800445936 0.20833333333333334
5 0.5466369379412858 0.6186507936507937 0.07863247863247848 0.146031746031746
5 0.32538089929394276 0.41904761904761906 0.14403567447045706 0.3023809523809524
5 0.4067261241174285 0.5906746031746032 0.1940542549238202 0.2964285714285715
1 0.5297658862876253 0.6325396825396826 0.21412114455592718 0.29880952380952375
5 0.17588257153474546 0.22281746031746033 0.10293571163136378 0.22023809523809523
5 0.29661835748792276 0.18174603174603177 0.08227424749163888 0.17023809523809524
5 0.22902266815310293 0.24623015873015874 0.10263842437755484 0.19642857142857142
5 0.2670011148272018 0.28035714285714286 0.09223337049424007 0.16547619047619047
5 0.282943143812709 0.3408730158730159 0.06510590858416947 0.13253968253968262