5 0.8388963210702342 0.7341071428571428 0.19230769230769232 0.15875
5 0.625685618729097 0.8209523809523809 0.2591973244147157 0.3273809523809524
5 0.5692642140468228 0.6473214285714286 0.22434782608695653 0.24303571428571427
5 0.14702341137123745 0.3236904761904762 0.08501672240802677 0.315
5 0.04598662207357859 0.11779761904761904 0.09197324414715718 0.20089285714285715
5 0.06829431438127091 0.36083333333333334 0.09197324414715718 0.1661904761904762
5 0.08919732441471573 0.7043452380952381 0.17836120401337793 0.17363095238095239
5 0.29959866220735787 0.7763095238095238 0.2647826086956522 0.18351190476190476
5 0.06966555183946488 0.8258928571428571 0.13933110367892976 0.15875
5 0.262675585284281 0.9451785714285714 0.1937123745819398 0.10964285714285715
5 0.2779933110367893 0.904047619047619 0.20207357859531774 0.15625
5 0.30588628762541803 0.8333333333333334 0.14632107023411373 0.13886904761904761
5 0.654247491638796 0.504702380952381 0.12959866220735786 0.1513095238095238
5 0.478695652173913 0.43898809523809523 0.17698996655518395 0.15875
5 0.2988963210702341 0.2132738095238095 0.16862876254180603 0.27779761904761907
5 0.1505016722408027 0.08803571428571429 0.15327759197324414 0.17607142857142857
5 0.5574247491638795 0.1525595238095238 0.14491638795986622 0.11160714285714286
5 0.37066889632107025 0.11779761904761904 0.18394648829431437 0.12154761904761906
5 0.44036789297658857 0.23190476190476192 0.17558528428093645 0.13642857142857143
5 0.29612040133779266 0.6299404761904762 0.19648829431438128 0.1488095238095238
5 0.12819397993311035 0.5270238095238096 0.1254180602006689 0.08678571428571429
5 0.23899665551839464 0.5108928571428571 0.13518394648829432 0.1636904761904762
5 0.23133779264214047 0.3757142857142857 0.06130434782608695 0.1661904761904762
5 0.399933110367893 0.3906547619047619 0.05294314381270903 0.10666666666666667
5 0.6577591973244147 0.3844047619047619 0.08361204013377926 0.24303571428571427
5 0.5344147157190635 0.3025595238095238 0.1797658862876254 0.12898809523809524
5 0.07732441471571906 0.27529761904761907 0.10729096989966555 0.10416666666666667
1 0.41247491638795986 0.3645833333333333 0.21461538461538462 0.09422619047619048
5 0.8493645484949833 0.43529761904761904 0.059933110367892985 0.17607142857142857
5 0.7532107023411372 0.5679761904761905 0.04876254180602007 0.13392857142857142
5 0.794314381270903 0.4576190476190476 0.06966555183946488 0.14136904761904762
5 0.7504347826086957 0.4588095238095238 0.06548494983277592 0.11410714285714287
5 0.7197658862876254 0.4191666666666667 0.04040133779264214 0.10416666666666667