5 0.897993265993266 0.3871685893543817 0.2040134680134679 0.64561829589152
5 0.8292390572390572 0.42086622141266944 0.22049831649831647 0.6338797814207651
5 0.7414410774410775 0.46357012750455373 0.2506666666666667 0.6644403966808338
5 0.7047811447811447 0.552722121028132 0.2168350168350168 0.5409836065573771
5 0.6054141414141414 0.5335964379680227 0.23997306397306395 0.6686905484719693
5 0.541037037037037 0.5682048168386965 0.22348821548821557 0.6178911151588747
5 0.5089292929292929 0.49494029548674356 0.28619528619528617 0.7391216352964985
5 0.41205387205387206 0.5853066180935034 0.2947609427609427 0.7727180732645212
5 0.3197710437710438 0.6532078526614046 0.23205387205387204 0.6514875531268974
5 0.2340875420875421 0.6106051406597856 0.28705723905723907 0.7609795587937664
5 0.17112457912457915 0.7273831208257437 0.2238922558922559 0.5363286784051812