5 0.6806481481481481 0.24307692307692308 0.23518518518518522 0.34
5 0.39496296296296296 0.12615384615384614 0.27207407407407413 0.2523076923076923
5 0.27864814814814814 0.26384615384615384 0.30014814814814816 0.42153846153846153
5 0.12812962962962962 0.3892307692307692 0.24285185185185185 0.40923076923076923
5 0.25401851851851853 0.5807692307692308 0.2366296296296296 0.4
5 0.30096296296296293 0.7907692307692308 0.20966666666666672 0.31846153846153846
5 0.4465 0.8515384615384616 0.22914814814814805 0.2969230769230769
5 0.7257592592592592 0.8407692307692308 0.29566666666666674 0.31846153846153846
5 0.5626851851851852 0.8438461538461538 0.21751851851851847 0.3123076923076923
5 0.5325185185185185 0.6430769230769231 0.239 0.3323076923076923
5 0.5509444444444445 0.31384615384615383 0.29807407407407416 0.41846153846153844
5 0.4559074074074074 0.46076923076923076 0.26125925925925936 0.38461538461538464
5 0.658462962962963 0.5623076923076923 0.20585185185185173 0.2846153846153846
5 0.7242037037037037 0.44846153846153847 0.19214814814814826 0.2553846153846154
5 0.7962222222222222 0.6346153846153846 0.15844444444444433 0.2676923076923077