5 0.4726259259259259 0.8355669515669515 0.22637777777777773 0.29641025641025653
5 0.7549074074074074 0.6734358974358975 0.26654814814814815 0.33361823361823345
5 0.7652185185185185 0.42598860398860394 0.29001481481481484 0.43158974358974356
5 0.8220481481481481 0.1942934472934473 0.23195555555555553 0.3885868945868946
5 0.6414851851851852 0.1895042735042735 0.22691111111111104 0.379008547008547
5 0.5126185185185185 0.11907122507122507 0.201237037037037 0.23814245014245014
5 0.36638518518518515 0.17111111111111113 0.22263703703703705 0.34222222222222226
5 0.14514444444444444 0.43886609686609684 0.28708888888888884 0.44683760683760687
5 0.2845037037037037 0.2994074074074074 0.2096518518518518 0.3525584045584046
5 0.4051222222222222 0.4223988603988604 0.2305851851851852 0.33966951566951575
5 0.5383666666666667 0.6748433048433049 0.28799259259259247 0.42688319088319077
5 0.5438888888888889 0.4714700854700855 0.2518370370370371 0.3929344729344729
5 0.34651481481481483 0.6104957264957265 0.1993555555555555 0.2905641025641024
5 0.348237037037037 0.7604501424501424 0.1862222222222222 0.2622792022792023
5 0.21093333333333333 0.7036182336182336 0.1512814814814815 0.27299145299145283