3 0.5025432098765432 0.47592424395330846 0.39992592592592596 0.6863861136340701
3 0.6026172839506172 0.6435765465738218 0.12624691358024695 0.21379217546338353
3 0.3289135802469136 0.5878359740303427 0.43777777777777777 0.7325730817102297
3 0.4537654320987654 0.6841221784909342 0.16471604938271608 0.2826857738756013
3 0.20377777777777778 0.68995189558314 0.38548148148148154 0.6200962088337201
3 0.672074074074074 0.3264641571635214 0.38651851851851854 0.6529283143270428
3 0.6957777777777777 0.27435664547381167 0.12634567901234559 0.21742523631715271
3 0.7073950617283951 0.4805631244323342 0.1609629629629629 0.2670097890806337
3 0.42007407407407404 0.29246812661889865 0.13935802469135797 0.2310357587378477
3 0.8073333333333333 0.2425942745652101 0.38533333333333336 0.4851885491304202
3 0.2875432098765432 0.39283143270427556 0.12553086419753087 0.21192854980320913
3 0.798074074074074 0.21210011101019274 0.26014814814814813 0.4242002220203855
3 0.8391975308641976 0.16644128233592356 0.2770617283950617 0.3328825646718471
3 0.7785555555555557 0.23087092542133414 0.28111111111111126 0.4617418508426683
3 0.8380123456790123 0.20853432906112288 0.2666913580246913 0.41706865812224575
3 0.5491481481481482 0.6423487065630571 0.16555555555555565 0.2890907256029871
3 0.49919753086419755 0.42656507552057055 0.11814814814814811 0.18511790628048572
3 0.4165308641975309 0.4078346284522488 0.1344444444444445 0.2216234399703973
3 0.5478888888888889 0.20290308473778046 0.11743209876543217 0.2077303461499647
3 0.7647901234567901 0.4542133414068019 0.12824691358024695 0.2384095266929055
3 0.6158024691358025 0.31777172267635484 0.08832098765432102 0.1404043462172436
3 0.5968888888888889 0.12573081710229758 0.13674074074074072 0.2081878427019208
3 0.2504074074074074 0.5747266794496586 0.14138271604938277 0.23208530965115895
3 0.40188888888888885 0.8151882127358967 0.09348148148148144 0.15889931711911737
3 0.37677777777777777 0.7760117065294178 0.13580246913580246 0.24710196118007202
3 0.34986419753086423 0.6336764557473004 0.12590123456790114 0.2255525280048442
3 0.4485555555555555 0.7627510344131597 0.11876543209876551 0.20782453661654385
3 0.2492716049382716 0.5206613516331955 0.1784444444444445 0.32263598748612365
3 0.15103703703703703 0.7523732633632724 0.2736296296296296 0.4952534732734552
3 0.20427160493827162 0.7204023278501026 0.28182716049382717 0.5520368688397753
3 0.2320246913580247 0.6847714199212837 0.330320987654321 0.6225451609647795
3 0.174 0.7371009519965015 0.3037037037037037 0.5245736199414675