3 0.48624666666666666 0.5008446866485013 0.15448666666666666 0.6456403269754769
3 0.49924666666666667 0.7172388737511353 0.05116 0.19831970935513168
3 0.29825999999999997 0.45770208900999093 0.1865133333333333 0.6701544050862852
3 0.36075999999999997 0.6348047229791098 0.06418666666666667 0.26506811989100815
3 0.11260666666666666 0.47382379654859214 0.18188 0.6742506811989101
3 0.6877266666666666 0.5074296094459582 0.15412 0.6143051771117166
3 0.7273933333333332 0.4846866485013624 0.048126666666666665 0.20552225249772935
3 0.6522333333333333 0.6643233424159855 0.07046666666666666 0.24236148955495002
3 0.49424666666666667 0.28461398728428705 0.06116 0.20954586739327885
3 0.8787133333333333 0.466094459582198 0.16142 0.6424523160762943
3 0.34442666666666666 0.2639418710263397 0.05152 0.19636693914623068
3 0.8533866666666666 0.48062670299727517 0.04676666666666667 0.5334514078110809
3 0.9308799999999999 0.4199909173478656 0.05222666666666667 0.571135331516803
3 0.8297199999999999 0.48062670299727517 0.054106666666666664 0.5697910990009083
3 0.8940466666666667 0.4947048138056312 0.03743333333333333 0.5706993642143506
3 0.45625333333333334 0.674550408719346 0.059833333333333336 0.27643051771117166
3 0.50408 0.4572025431425976 0.06282666666666667 0.15509536784741143
3 0.44392 0.37703905540417804 0.06050666666666667 0.19912806539509537
3 0.6355733333333333 0.3102724795640327 0.039806666666666664 0.2018346957311535
3 0.7099 0.6874931880108991 0.032459999999999996 0.2432788374205268
3 0.6440666666666667 0.45811080835603996 0.04414 0.12058128973660308
3 0.7073933333333333 0.2848319709355132 0.07746 0.16912806539509537
3 0.23926666666666666 0.3856675749318801 0.06454 0.20731153496821073
3 0.2644333333333333 0.7029246139872842 0.0382 0.1469936421435059
3 0.2599333333333333 0.6509264305177112 0.0392 0.24735694822888282
3 0.2962666666666667 0.5119436875567666 0.03853333333333333 0.22369663941871026
3 0.32426 0.6958855585831062 0.04119333333333333 0.20104450499545867
3 0.2606 0.34002724795640327 0.05386666666666667 0.3203905540417802
3 0.05595333333333334 0.4858583106267029 0.044566666666666664 0.6356403269754769
3 0.13828 0.4776748410535876 0.029226666666666668 0.6229246139872843
3 0.17427333333333336 0.4729155313351498 0.053219999999999996 0.690599455040872
3 0.09561333333333333 0.49108083560399635 0.05056 0.6361035422343324