3 0.5055407407407407 0.500824166582568 0.2978222222222222 0.6812190937531538
3 0.48499753086419756 0.7139771924513069 0.09531851851851843 0.21069061795673966
3 0.32809382716049384 0.3909913546607461 0.3344691358024691 0.716089750058869
3 0.3621234567901235 0.5847209607427591 0.12327901234567894 0.2799744340162142
3 0.15457283950617284 0.34929188952803847 0.3091456790123457 0.6985837790560769
3 0.7018296296296297 0.5804319305681703 0.2899802469135802 0.6502707975914153
3 0.7441851851851852 0.5726881286372658 0.09352592592592585 0.2161200255659837
3 0.6427851851851851 0.7187472667944966 0.12385185185185188 0.26000605510142294
3 0.5463604938271606 0.2951390991354661 0.10720493827160499 0.22533723550980586
3 0.8716444444444444 0.609109563696303 0.25671111111111106 0.6802570054159519
3 0.4029283950617284 0.22105829717092207 0.0952493827160494 0.20887408752985498
3 0.8680567901234568 0.6143404985366838 0.1668888888888887 0.5328152857671477
3 0.9314962962962964 0.5833686547583006 0.1370074074074073 0.5718841457261076
3 0.8447456790123458 0.6059339993944899 0.18234074074074064 0.5711037104315941
3 0.905795061728395 0.6428667541292428 0.16613333333333322 0.5654926497796616
3 0.44952098765432097 0.6573283546943856 0.12095802469135802 0.2890301745887576
3 0.5295086419753087 0.465203350489454 0.09653333333333346 0.17257039055404177
3 0.4830913580246914 0.3662259898408854 0.10412345679012348 0.21441114138661826
3 0.680879012345679 0.3713997376122717 0.08461728395061724 0.20967470649577824
3 0.6957432098765431 0.7619537793924716 0.08670123456790134 0.24692030813738353
3 0.6664271604938271 0.5169744676556666 0.0703456790123458 0.1323577892151917
3 0.7552296296296296 0.3726040300063915 0.11392592592592579 0.1918121572980792
3 0.281320987654321 0.30018165304268846 0.11050370370370365 0.2244626097487133
3 0.25733333333333336 0.6154405086285195 0.07057777777777778 0.1559659568742221
3 0.26069629629629626 0.5637232145860664 0.09427654320987654 0.2533521714266492
3 0.3177308641975309 0.4426380058532647 0.08874567901234566 0.23059844585730147
3 0.31686913580246917 0.6301140377434654 0.08595061728395058 0.20968816227671824
3 0.30893827160493825 0.264143707740438 0.1251802469135802 0.3299290207555422
3 0.09019753086419752 0.33002993911259126 0.1792888888888889 0.6309953913950281
3 0.1683604938271605 0.35260873952972044 0.16996543209876544 0.6136508897635147
3 0.20432098765432097 0.36068893598412216 0.20876543209876544 0.6875836781377199
3 0.12427407407407408 0.3498940357250984 0.19405925925925926 0.6338682006256938