3 0.6431356168198273 0.7934837092731829 0.1679754942912838 0.2716791979949874
3 0.5608465608465608 0.26441102756892226 0.26700083542188796 0.4090225563909774
3 0.7548036758563075 0.23602756892230575 0.3063770537454747 0.4720551378446115
3 0.6949039264828738 0.5469924812030075 0.25653021442495133 0.392982456140351
3 0.8422445001392369 0.4719298245614035 0.24071289334447238 0.3651629072681704
3 0.4466722361459204 0.6528822055137845 0.25129490392648285 0.38496240601503756
3 0.360233918128655 0.2807017543859649 0.26688944583681423 0.4052631578947369
3 0.2822055137844611 0.7862155388471178 0.23163464216095794 0.3117794486215539
3 0.26351991088833193 0.6221804511278195 0.24644945697577272 0.30576441102756885
3 0.2625730994152047 0.5053884711779448 0.34018379281537175 0.5175438596491229
3 0.579587858535227 0.12606516290726816 0.26193260930103035 0.2521303258145363