0 0.040017361111111115 0.1548828125 0.06276041666666667 0.11542968749999999
0 0.0880859375 0.137841796875 0.14270833333333335 0.12526041666666665
0 0.07732204861111111 0.37403971354166665 0.10334201388888888 0.1709309895833333
0 0.10436197916666667 0.5980305989583333 0.11705729166666663 0.16481119791666665
0 0.1771267361111111 0.12236328125000001 0.13181423611111112 0.12666015625
0 0.24717881944444442 0.10836588541666667 0.1326388888888889 0.12864583333333335
0 0.12860243055555556 0.36396484375 0.14960937500000002 0.1591471354166667
0 0.2064019097222222 0.342333984375 0.15946180555555559 0.17519531249999998
0 0.27777777777777773 0.3286458333333333 0.16471354166666666 0.1759440104166667
0 0.3169487847222222 0.09484049479166667 0.13680555555555554 0.13177083333333334
0 0.3874565972222222 0.08232421875 0.13168402777777777 0.13248697916666666
0 0.4553168402777778 0.07648111979166666 0.12808159722222223 0.11383463541666666
0 0.5275390624999999 0.072314453125 0.1319010416666666 0.09847005208333334
0 0.6020616319444444 0.068505859375 0.13771701388888888 0.08369140624999999
0 0.6740017361111111 0.06481119791666666 0.13185763888888888 0.06881510416666667
0 0.7427517361111112 0.05804036458333334 0.13394097222222237 0.04850260416666666
0 0.39249131944444443 0.3066731770833333 0.15542534722222223 0.17353515625000002
0 0.22517361111111112 0.5680989583333333 0.11727430555555556 0.14537760416666656
0 0.46597222222222223 0.2911458333333333 0.14991319444444443 0.1698567708333334
0 0.5357855902777778 0.2781087239583333 0.15000000000000005 0.17083333333333336
0 0.6151041666666667 0.26263020833333334 0.16059027777777782 0.1733072916666667
0 0.6890624999999999 0.24518229166666666 0.15099826388888893 0.1747721354166667
0 0.7628038194444445 0.23258463541666669 0.14618055555555554 0.16432291666666665
0 0.829861111111111 0.22135416666666669 0.14926215277777763 0.16982421874999998
0 0.16026475694444445 0.5852701822916666 0.15598958333333335 0.16529947916666687
0 0.28033854166666666 0.5652669270833333 0.14913194444444441 0.16835937500000003
0 0.45 0.7130208333333334 0.13103298611111125 0.13245442708333321
0 0.3514322916666666 0.5484049479166667 0.15256076388888895 0.1704752604166666
0 0.41961805555555554 0.5352864583333333 0.14531250000000004 0.16184895833333335
0 0.48602430555555554 0.5203776041666667 0.14782986111111107 0.16100260416666656
0 0.5559244791666667 0.5083170572916667 0.1534288194444445 0.16565755208333344
0 0.6233289930555556 0.49370117187499996 0.13910590277777768 0.1576497395833334
0 0.6908420138888888 0.4803059895833333 0.14769965277777777 0.15953776041666667
0 0.7633680555555555 0.4649739583333333 0.15138888888888888 0.1645833333333333
0 0.8321831597222222 0.45164388020833335 0.14444444444444451 0.15937500000000004
0 0.8923177083333332 0.43544921875 0.14140624999999987 0.1616536458333333
0 0.9440538194444444 0.423779296875 0.11189236111111119 0.15888671874999993
0 0.5932074652777778 0.7162923177083333 0.22187499999999996 0.1919270833333333
0 0.7827473958333333 0.6647623697916667 0.20837673611111107 0.1713216145833334
0 0.8894748263888889 0.6513834635416667 0.1473958333333334 0.16341145833333326
0 0.9374240451388888 0.6386393229166667 0.12515190972222237 0.17236328125
0 0.9690972222222222 0.6091634114583333 0.06180555555555559 0.17561848958333348
0 0.21247829861111112 0.782568359375 0.1624565972222222 0.1724283854166666
0 0.3752821180555555 0.9455729166666667 0.20195312500000004 0.1088541666666667
0 0.5179470486111111 0.927783203125 0.19934895833333321 0.1444335937500001
0 0.6264756944444444 0.9155598958333333 0.13255208333333326 0.13496093750000004
0 0.8351345486111111 0.8676595052083333 0.19123263888888875 0.15345052083333321
0 0.9386718749999999 0.8383951822916667 0.12265625000000006 0.14384765624999996
0 0.9993489583333334 0.805029296875 0.0013020833333333333 0.13935546875000004