0 0.0665625 0.61171875 0.13310416666666666 0.4109375
0 0.18520833333333334 0.7064375 0.15512499999999999 0.444125
0 0.3401875 0.7899375 0.16416666666666666 0.42012499999999997
0 0.5771875000000001 0.861125 0.17750000000000002 0.27778125
0 0.8873125000000001 0.84028125 0.21441666666666667 0.3194375
0 0.8078333333333333 0.6544375 0.18047916666666666 0.44428124999999996
0 0.6538541666666667 0.7829375 0.15495833333333334 0.42003124999999997
0 0.47581249999999997 0.6461875 0.12291666666666666 0.40346875000000004
0 0.5973541666666667 0.46315625000000005 0.1183125 0.31521875
0 0.6829375 0.2880625 0.11587499999999999 0.45806250000000004
0 0.84775 0.30590625 0.2256041666666667 0.351375
0 0.09054166666666667 0.379375 0.13014583333333332 0.2483125
0 0.21375 0.44203125 0.11268750000000001 0.248625
0 0.3309166666666667 0.49790625000000005 0.12710416666666666 0.23190624999999998
0 0.4568125 0.315625 0.16131250000000003 0.336125
0 0.5450416666666666 0.16525 0.0854375 0.285375
0 0.04745833333333334 0.13543750000000002 0.09489583333333333 0.27087500000000003
0 0.15039583333333334 0.14453125 0.12256249999999999 0.27168749999999997
0 0.2810416666666667 0.17946875 0.20789583333333334 0.35196875
0 0.4408541666666667 0.0816875 0.1131875 0.16334375