0 0.8804243827160493 0.7530208333333333 0.19865740740740753 0.4446527777777778
0 0.7506327160493828 0.782523148148148 0.22611111111111104 0.4349537037037038
0 0.5881867283950617 0.8056944444444444 0.23038580246913581 0.3886111111111112
0 0.34424382716049384 0.8374074074074074 0.22117283950617284 0.32518518518518524
0 0.09048611111111111 0.7241203703703704 0.18097222222222223 0.37949074074074074
0 0.15584104938271606 0.5680208333333334 0.2525925925925926 0.4926851851851852
0 0.28348765432098766 0.7413194444444444 0.22427469135802472 0.46083333333333343
0 0.47952932098765433 0.6612268518518519 0.18995370370370365 0.4350925925925925
0 0.3921527777777778 0.4450347222222222 0.16983024691358015 0.3472222222222222
0 0.33743055555555557 0.24677083333333333 0.19180555555555553 0.48196759259259264
0 0.1750617283950617 0.21344907407407407 0.2828395061728395 0.41530092592592593
0 0.8980169753086419 0.5188310185185185 0.1694444444444443 0.28476851851851853
0 0.767800925925926 0.5425231481481482 0.15253086419753098 0.27814814814814814
0 0.6450617283950617 0.5616898148148148 0.164537037037037 0.2659259259259258
0 0.5525385802469136 0.3438194444444444 0.2168981481481481 0.37949074074074074
0 0.4916820987654321 0.16887731481481483 0.1328086419753087 0.3058101851851852
0 0.9528009259259259 0.293287037037037 0.0845216049382716 0.2953703703703704
0 0.8786033950617285 0.27130787037037035 0.16614197530864203 0.306550925925926
0 0.7453935185185185 0.2652199074074074 0.263966049382716 0.41175925925925927
0 0.6072608024691358 0.11983796296296297 0.13890432098765426 0.19666666666666663