0 0.046484375 0.32772222222222225 0.09296875 0.3945555555555555
0 0.0671875 0.8057361111111111 0.1203125 0.3805277777777778
0 0.115625 0.3158888888888889 0.12578125 0.37822222222222224
0 0.21640625 0.28168055555555555 0.1328125 0.3972222222222223
0 0.313671875 0.2594722222222222 0.13515625 0.40605555555555556
0 0.414453125 0.23526388888888888 0.1296875 0.41336111111111107
0 0.517578125 0.22034722222222222 0.125 0.39069444444444446
0 0.6171875 0.20055555555555557 0.13046875 0.3946388888888889
0 0.71640625 0.18746527777777777 0.128125 0.37493055555555554
0 0.818359375 0.17690277777777777 0.128125 0.35380555555555554
0 0.918359375 0.1665972222222222 0.11796875 0.3331944444444444
0 0.156640625 0.7863055555555556 0.12578125 0.3744722222222222
0 0.25078125 0.7579583333333333 0.12578125 0.38572222222222224
0 0.394140625 0.7278611111111111 0.21484375 0.41263888888888883
0 0.54375 0.7050416666666667 0.1265625 0.38325
0 0.643359375 0.680875 0.13125 0.38716666666666666
0 0.748046875 0.6659027777777777 0.13125 0.3934166666666667
0 0.84609375 0.6417916666666668 0.13046875 0.39088888888888895
0 0.940625 0.6284305555555555 0.11875 0.37547222222222215