0 0.0476484375 0.239425 0.0953046875 0.375275
0 0.046953125 0.7214 0.09390625 0.36064999999999997
0 0.1322734375 0.24645 0.0993671875 0.3571875
0 0.23450781250000002 0.2353875 0.105171875 0.3743625
0 0.33235156250000003 0.236125 0.1066640625 0.3829625
0 0.4343125 0.23525 0.100765625 0.3919375
0 0.5375234375 0.24385 0.0973671875 0.3698375
0 0.6373515624999999 0.24716249999999998 0.102828125 0.3728875
0 0.7369765625 0.251875 0.1011953125 0.36445
0 0.8393359374999999 0.25758749999999997 0.10125781250000002 0.3580375
0 0.9392578125 0.26892499999999997 0.092796875 0.341425
0 0.1370625 0.7228625 0.10001562500000001 0.352875
0 0.232265625 0.7165625 0.09846875000000001 0.365275
0 0.3764609375 0.7193 0.1881875 0.37072499999999997
0 0.5263359375000001 0.7311124999999999 0.0995390625 0.3622125
0 0.6267968749999999 0.7304 0.10403906249999999 0.36436250000000003
0 0.731484375 0.7394750000000001 0.10360156250000001 0.3718
0 0.8304765625 0.73795 0.10291406249999999 0.3687625
0 0.9391718750000001 0.7500125 0.12164843750000001 0.350025