3 0.4036388888888889 0.1155462962962963 0.10700000000000008 0.06837962962962962
3 0.35516666666666663 0.1956712962962963 0.09050000000000002 0.1088148148148148
3 0.2908055555555556 0.20289814814814813 0.07355555555555554 0.12053703703703704
3 0.3938055555555555 0.5800648148148149 0.18872222222222224 0.2791018518518518
3 0.1376388888888889 0.5802222222222223 0.05966666666666669 0.14487037037037026
3 0.41058333333333336 0.7452407407407406 0.20172222222222216 0.15991666666666673
3 0.5545277777777778 0.2011574074074074 0.29722222222222217 0.23152777777777778
3 0.36291666666666667 0.3113472222222222 0.23088888888888884 0.12378703703703707
3 0.4013333333333334 0.34519444444444447 0.17850000000000005 0.10524074074074069
3 0.24683333333333332 0.50925 0.08716666666666668 0.08995370370370381
3 0.2810833333333333 0.6462037037037038 0.11044444444444441 0.1833055555555557
3 0.7591666666666667 0.3405185185185185 0.24627777777777776 0.37647222222222226
3 0.6861666666666667 0.5701898148148148 0.22877777777777775 0.3569814814814815
3 0.7366666666666667 0.6315694444444445 0.14083333333333334 0.13724999999999996
3 0.603388888888889 0.3649074074074074 0.12333333333333334 0.19261111111111107
3 0.6673888888888888 0.4406574074074074 0.07488888888888899 0.07568518518518516
3 0.19574999999999998 0.648125 0.07216666666666668 0.2202777777777777
3 0.21038888888888888 0.40295833333333336 0.15550000000000003 0.11170370370370364
3 0.28325 0.42903703703703705 0.25883333333333336 0.1537222222222222
3 0.5273333333333333 0.3732777777777778 0.10194444444444457 0.1604722222222222
3 0.6118611111111111 0.6888888888888889 0.09227777777777779 0.073962962962963
3 0.8009166666666666 0.36486111111111114 0.11327777777777782 0.19091666666666665
3 0.47661111111111104 0.8315046296296296 0.16311111111111112 0.09582407407407402
3 0.23491666666666663 0.28148148148148144 0.15677777777777777 0.27144444444444443