3 0.6166666666666667 0.38645833333333335 0.09583333333333334 0.14375
3 0.5166666666666667 0.37916666666666665 0.09583333333333334 0.17083333333333334
3 0.6052083333333333 0.23229166666666667 0.07708333333333334 0.14375
3 0.6916666666666667 0.284375 0.07916666666666666 0.13958333333333334
3 0.525 0.15625 0.10416666666666667 0.16666666666666666
3 0.459375 0.22604166666666667 0.11875 0.11458333333333333
3 0.396875 0.25 0.09791666666666667 0.1375
3 0.284375 0.378125 0.16875 0.08125
3 0.42291666666666666 0.43125 0.14583333333333334 0.11666666666666667
3 0.2916666666666667 0.490625 0.13333333333333333 0.13541666666666666
3 0.21041666666666667 0.484375 0.15416666666666667 0.12708333333333333
3 0.315625 0.571875 0.12291666666666666 0.11458333333333333
3 0.4125 0.590625 0.1125 0.18541666666666667
3 0.3385416666666667 0.7114583333333333 0.16875 0.11458333333333333
3 0.478125 0.678125 0.11875 0.12708333333333333
3 0.5354166666666667 0.7010416666666667 0.12916666666666668 0.13958333333333334
3 0.5604166666666667 0.7729166666666667 0.16666666666666666 0.12083333333333333
3 0.6052083333333333 0.83125 0.14791666666666667 0.1375
3 0.6979166666666666 0.771875 0.10416666666666667 0.16458333333333333
3 0.665625 0.653125 0.13958333333333334 0.10208333333333333
3 0.7854166666666667 0.5739583333333333 0.1375 0.10625
3 0.6958333333333333 0.5354166666666667 0.12916666666666668 0.14583333333333334
3 0.596875 0.5385416666666667 0.08541666666666667 0.16875
3 0.503125 0.5541666666666667 0.10208333333333333 0.14583333333333334