3 0.5000061728395062 0.3445648148148148 0.1716851851851851 0.17250617283950628
3 0.42196604938271604 0.4080061728395062 0.19030246913580243 0.1919444444444444
3 0.3861141975308642 0.23993827160493827 0.15732098765432093 0.158962962962963
3 0.48478086419753086 0.21889506172839504 0.15646296296296294 0.15728395061728398
3 0.27567901234567904 0.2395524691358025 0.19368518518518518 0.19532716049382715
3 0.27550925925925923 0.3354043209876543 0.16744444444444448 0.1674444444444445
3 0.2462808641975309 0.3954012345679012 0.16830246913580252 0.16912345679012342
3 0.2520895061728395 0.5659413580246914 0.18010493827160493 0.17846296296296296
3 0.38919753086419756 0.5100432098765432 0.18857407407407398 0.18775308641975313
3 0.3342993827160494 0.6430092592592592 0.19281481481481488 0.19281481481481477
3 0.27061111111111114 0.6941604938271605 0.20210493827160492 0.20128395061728402
3 0.40743209876543207 0.6857685185185185 0.1708148148148148 0.1699938271604939
3 0.4907283950617284 0.6332407407407408 0.21313580246913583 0.2147777777777778
3 0.5195123456790124 0.7720308641975309 0.2037962962962964 0.20297530864197522
3 0.5983858024691358 0.6523395061728395 0.17591358024691356 0.1767345679012347
3 0.6558148148148149 0.6298518518518518 0.19281481481481477 0.19281481481481477
3 0.7232253086419753 0.6650246913580247 0.20716666666666658 0.20552469135802465
3 0.7959814814814814 0.6769382716049382 0.20465432098765443 0.20465432098765443
3 0.8229845679012345 0.5702314814814815 0.19199382716049399 0.19363580246913595
3 0.7180833333333334 0.5057469135802469 0.1741851851851853 0.17254320987654315
3 0.7514074074074074 0.3662098765432099 0.17504320987654334 0.17422222222222217
3 0.6596450617283951 0.39944135802469133 0.19705555555555557 0.19787654320987655
3 0.5898456790123456 0.4692561728395062 0.1810123456790124 0.18347530864197534
3 0.5320493827160494 0.5446666666666666 0.17760493827160492 0.1784259259259259